 0.100000000  16.030  14.320  13.150   1.710   2.880   1.170
 0.120000000  14.845  13.257  12.209   1.588   2.636   1.048
 0.140000000  14.159  12.627  11.628   1.532   2.531   0.999
 0.160000000  13.655  12.161  11.196   1.494   2.459   0.965
 0.200000000  12.926  11.513  10.581   1.413   2.345   0.932
 0.250000000  12.281  10.931  10.024   1.350   2.257   0.907
 0.330182430  11.540  10.228   9.352   1.312   2.188   0.876
 0.324503810  11.579  10.264   9.386   1.315   2.193   0.878
 0.349999990  11.414  10.109   9.239   1.305   2.175   0.870
 0.370798680  11.246   9.949   9.085   1.297   2.161   0.864
 0.397414300  11.048   9.759   8.901   1.289   2.147   0.858
 0.400000010  11.032   9.743   8.886   1.289   2.146   0.857
 0.449999990  10.672   9.402   8.565   1.270   2.107   0.837
 0.500000000  10.307   9.055   8.240   1.252   2.067   0.815
 0.519239430  10.135   8.892   8.088   1.243   2.047   0.804
 0.550000010   9.907   8.677   7.889   1.230   2.018   0.788
 0.560657680   9.809   8.585   7.803   1.224   2.006   0.782
 0.568129720   9.740   8.520   7.743   1.220   1.997   0.777
 0.572894330   9.697   8.479   7.705   1.218   1.992   0.774
 0.576300380   9.666   8.449   7.678   1.217   1.988   0.771
 0.578835550   9.643   8.428   7.658   1.215   1.985   0.770
 0.600000020   9.478   8.274   7.517   1.204   1.961   0.757
 0.649999980   9.002   7.848   7.133   1.154   1.869   0.715
 0.699999990   8.507   7.408   6.742   1.099   1.765   0.666
 0.750000000   7.960   6.937   6.338   1.023   1.622   0.599
 0.800000010   7.439   6.492   5.957   0.947   1.482   0.535
 0.833763600   7.112   6.214   5.716   0.898   1.396   0.498
 0.850000020   6.964   6.089   5.608   0.875   1.356   0.481
 0.899999980   6.531   5.725   5.287   0.806   1.244   0.438
 0.922360660   6.351   5.576   5.154   0.775   1.197   0.422
 0.949999990   6.135   5.397   4.993   0.738   1.142   0.404
 0.960158710   6.057   5.332   4.934   0.725   1.123   0.398
 1.000000000   5.768   5.091   4.716   0.677   1.052   0.375
 1.049999950   5.425   4.802   4.452   0.623   0.973   0.350
 1.087045310   5.185   4.598   4.265   0.587   0.920   0.333
 1.100000020   5.104   4.529   4.201   0.575   0.903   0.328
 1.100508690   5.101   4.526   4.199   0.575   0.902   0.327
 1.149999980   4.801   4.269   3.960   0.532   0.841   0.309
 1.164685130   4.714   4.194   3.891   0.520   0.823   0.303
 1.200000050   4.512   4.018   3.727   0.494   0.785   0.291
 1.233068820   4.332   3.861   3.581   0.471   0.751   0.280
 1.250000000   4.241   3.782   3.508   0.459   0.733   0.274
 1.299999950   3.985   3.558   3.300   0.427   0.685   0.258
 1.350000020   3.744   3.345   3.104   0.399   0.640   0.241
 1.399999980   3.515   3.144   2.918   0.371   0.597   0.226
 1.423032760   3.411   3.054   2.836   0.357   0.575   0.218
 1.450000050   3.292   2.950   2.741   0.342   0.551   0.209
 1.500000000   3.078   2.763   2.573   0.315   0.505   0.190
 1.500085470   3.077   2.763   2.573   0.314   0.504   0.190
 1.549999950   2.875   2.585   2.412   0.290   0.463   0.173
 1.557063460   2.847   2.560   2.390   0.287   0.457   0.170
 1.600000020   2.681   2.413   2.256   0.268   0.425   0.157
 1.606987710   2.655   2.389   2.234   0.266   0.421   0.155
 1.643525240   2.521   2.269   2.123   0.252   0.398   0.146
 1.649999980   2.497   2.248   2.103   0.249   0.394   0.145
 1.672722460   2.416   2.173   2.034   0.243   0.382   0.139
 1.700000050   2.319   2.084   1.950   0.235   0.369   0.134
 1.723988770   2.234   2.007   1.877   0.227   0.357   0.130
 1.750000000   2.144   1.923   1.797   0.221   0.347   0.126
 1.779039500   2.045   1.829   1.708   0.216   0.337   0.121
 1.799999950   1.974   1.762   1.643   0.212   0.331   0.119
 1.825618620   1.889   1.680   1.562   0.209   0.327   0.118
 1.850000020   1.809   1.601   1.485   0.208   0.324   0.116
 1.879952070   1.713   1.506   1.389   0.207   0.324   0.117
 1.899999980   1.651   1.442   1.324   0.209   0.327   0.118
 1.926797630   1.571   1.358   1.236   0.213   0.335   0.122
 1.950000050   1.506   1.285   1.157   0.221   0.349   0.128
 1.968149780   1.456   1.229   1.096   0.227   0.360   0.133
 1.994196300   1.391   1.149   1.006   0.242   0.385   0.143
 2.000000000   1.379   1.132   0.986   0.247   0.393   0.146
 2.019842150   1.337   1.075   0.919   0.262   0.418   0.156
 2.041304590   1.300   1.016   0.845   0.284   0.455   0.171
 2.049999950   1.286   0.993   0.815   0.293   0.471   0.178
 2.062820910   1.268   0.959   0.771   0.309   0.497   0.188
 2.078279970   1.255   0.922   0.719   0.333   0.536   0.203
 2.092166660   1.243   0.886   0.669   0.357   0.574   0.217
 2.099999900   1.233   0.864   0.639   0.369   0.594   0.225
 2.100935940   1.231   0.861   0.636   0.370   0.595   0.225
 2.109090810   1.202   0.826   0.598   0.376   0.604   0.228
 2.116591690   1.099   0.750   0.537   0.349   0.562   0.213
 2.119049310   1.008   0.690   0.497   0.318   0.511   0.193
 2.120130060   0.923   0.637   0.464   0.286   0.459   0.173
 2.120718240   0.840   0.584   0.430   0.256   0.410   0.154
 2.121064420   0.754   0.527   0.393   0.227   0.361   0.134
 2.121274950   0.671   0.475   0.358   0.196   0.313   0.117
 2.121431350   0.589   0.421   0.322   0.168   0.267   0.099
 2.121503590   0.561   0.403   0.311   0.158   0.250   0.092
 2.121584180   0.660   0.481   0.376   0.179   0.284   0.105
 2.121640210   0.750   0.544   0.423   0.206   0.327   0.121
 2.121711490   0.826   0.585   0.441   0.241   0.385   0.144
 2.121791600   0.862   0.587   0.421   0.275   0.441   0.166
 2.121887210   0.879   0.570   0.381   0.309   0.498   0.189
 2.121997590   0.907   0.561   0.350   0.346   0.557   0.211
 2.122122050   0.944   0.562   0.329   0.382   0.615   0.233
 2.122261050   0.997   0.573   0.319   0.424   0.678   0.254
 2.122425320   1.057   0.593   0.317   0.464   0.740   0.276
 2.122625830   1.130   0.623   0.327   0.507   0.803   0.296
 2.122898580   1.224   0.670   0.352   0.554   0.872   0.318
 2.123241190   1.346   0.742   0.401   0.604   0.945   0.341
 2.123534920   1.464   0.818   0.460   0.646   1.004   0.358
 2.123845340   1.600   0.913   0.537   0.687   1.063   0.376
 2.124112610   1.731   1.008   0.618   0.723   1.113   0.390
 2.124424930   1.893   1.129   0.721   0.764   1.172   0.408
 2.124729870   2.039   1.237   0.813   0.802   1.226   0.424
 2.125110860   2.165   1.320   0.876   0.845   1.289   0.444
 2.125491380   2.228   1.343   0.881   0.885   1.347   0.462
 2.125567910   2.224   1.332   0.867   0.892   1.357   0.465
 2.125950100   2.185   1.262   0.783   0.923   1.402   0.479
 2.126331570   2.115   1.165   0.675   0.950   1.440   0.490
 2.126636740   2.051   1.084   0.585   0.967   1.466   0.499
 2.126941440   1.982   0.998   0.492   0.984   1.490   0.506
 2.127241610   1.910   0.910   0.396   1.000   1.514   0.514
 2.127532480   1.837   0.821   0.300   1.016   1.537   0.521
 2.127818110   1.764   0.733   0.205   1.031   1.559   0.528
 2.128101830   1.690   0.645   0.111   1.045   1.579   0.534
 2.128243450   1.654   0.601   0.064   1.053   1.590   0.537
 2.128383400   1.617   0.557   0.017   1.060   1.600   0.540
 2.128663060   1.544   0.470  -0.076   1.074   1.620   0.546
 2.128936290   1.472   0.384  -0.169   1.088   1.641   0.553
 2.129204270   1.403   0.301  -0.258   1.102   1.661   0.559
 2.129469390   1.334   0.218  -0.348   1.116   1.682   0.566
 2.129730940   1.265   0.135  -0.438   1.130   1.703   0.573
 2.129988430   1.197   0.052  -0.529   1.145   1.726   0.581
 2.130235910   1.131  -0.029  -0.617   1.160   1.748   0.588
 2.130516050   1.056  -0.121  -0.718   1.177   1.774   0.597
 2.130758290   0.990  -0.203  -0.807   1.193   1.797   0.604
 2.131041530   0.913  -0.299  -0.912   1.212   1.825   0.613
 2.131288290   0.848  -0.381  -1.003   1.229   1.851   0.622
 2.131531720   0.785  -0.462  -1.094   1.247   1.879   0.632
 2.131790640   0.720  -0.546  -1.188   1.266   1.908   0.642
 2.132017850   0.664  -0.617  -1.269   1.281   1.933   0.652
 2.132289410   0.602  -0.699  -1.361   1.301   1.963   0.662
 2.132653000   0.538  -0.782  -1.455   1.320   1.993   0.673
 2.132668500   0.536  -0.785  -1.458   1.321   1.994   0.673
 2.132737160   0.578  -0.729  -1.395   1.307   1.973   0.666
 2.132756950   0.618  -0.677  -1.336   1.295   1.954   0.659
 2.132774110   0.659  -0.624  -1.276   1.283   1.935   0.652
 2.132799150   0.715  -0.550  -1.193   1.265   1.908   0.643
 2.132831340   0.787  -0.457  -1.088   1.244   1.875   0.631
 2.132874490   0.864  -0.359  -0.978   1.223   1.842   0.619
 2.132919550   0.925  -0.282  -0.892   1.207   1.817   0.610
 2.132988450   1.005  -0.182  -0.783   1.187   1.788   0.601
 2.133054970   1.068  -0.103  -0.697   1.171   1.765   0.594
 2.133131740   1.131  -0.024  -0.611   1.155   1.742   0.587
 2.133245710   1.210   0.073  -0.504   1.137   1.714   0.577
 2.133394000   1.290   0.171  -0.396   1.119   1.686   0.567
 2.133615020   1.373   0.272  -0.286   1.101   1.659   0.558
 2.134023670   1.471   0.392  -0.155   1.079   1.626   0.547
 2.134374380   1.551   0.490  -0.049   1.061   1.600   0.539
 2.134677890   1.620   0.575   0.042   1.045   1.578   0.533
 2.135111090   1.706   0.680   0.155   1.026   1.551   0.525
 2.135732650   1.795   0.789   0.273   1.006   1.522   0.516
 2.136615040   1.879   0.892   0.385   0.987   1.494   0.507
 2.137852910   1.943   0.973   0.474   0.970   1.469   0.499
 2.138643500   1.962   0.998   0.501   0.964   1.461   0.497
 2.150000100   1.924   0.960   0.464   0.964   1.460   0.496
 2.161887410   1.883   0.919   0.424   0.964   1.459   0.495
 2.191785340   1.775   0.812   0.317   0.963   1.458   0.495
 2.200000050   1.742   0.779   0.285   0.963   1.457   0.494
 2.218057870   1.669   0.704   0.210   0.965   1.459   0.494
 2.239618540   1.579   0.610   0.114   0.969   1.465   0.496
 2.250000000   1.535   0.563   0.067   0.972   1.468   0.496
 2.258063320   1.500   0.527   0.029   0.973   1.471   0.498
 2.273949860   1.433   0.451  -0.050   0.982   1.483   0.501
 2.279440640   1.407   0.420  -0.083   0.987   1.490   0.503
 2.293570040   1.331   0.324  -0.189   1.007   1.520   0.513
 2.295589920   1.317   0.305  -0.210   1.012   1.527   0.515
 2.299999950   0.992  -0.116  -0.674   1.108   1.666   0.558
 2.304897550   0.964  -0.154  -0.716   1.118   1.680   0.562
 2.306421280   0.893  -0.245  -0.818   1.138   1.711   0.573
 2.307001590   0.851  -0.299  -0.878   1.150   1.729   0.579
 2.307280780   0.819  -0.341  -0.925   1.160   1.744   0.584
 2.307400230   0.795  -0.371  -0.960   1.166   1.755   0.589
 2.307465310   0.772  -0.402  -0.993   1.174   1.765   0.591
 2.307508230   0.750  -0.429  -1.024   1.179   1.774   0.595
 2.307588100   0.759  -0.418  -1.011   1.177   1.770   0.593
 2.307769780   0.767  -0.407  -0.999   1.174   1.766   0.592
 2.309066770   0.661  -0.544  -1.150   1.205   1.811   0.606
 2.309723850   0.588  -0.638  -1.254   1.226   1.842   0.616
 2.310319660   0.520  -0.727  -1.356   1.247   1.876   0.629
 2.310803170   0.456  -0.812  -1.452   1.268   1.908   0.640
 2.311167960   0.400  -0.885  -1.535   1.285   1.935   0.650
 2.311464070   0.351  -0.951  -1.609   1.302   1.960   0.658
 2.311692000   0.308  -1.008  -1.674   1.316   1.982   0.666
 2.311827660   0.276  -1.052  -1.724   1.328   2.000   0.672
 2.311980010   0.240  -1.100  -1.779   1.340   2.019   0.679
 2.312144280   0.204  -1.147  -1.832   1.351   2.036   0.685
 2.312311650   0.169  -1.195  -1.886   1.364   2.055   0.691
 2.312472340   0.141  -1.236  -1.936   1.377   2.077   0.700
 2.312630650   0.113  -1.277  -1.985   1.390   2.098   0.708
 2.312786820   0.084  -1.320  -2.036   1.404   2.120   0.716
 2.312939640   0.055  -1.363  -2.088   1.418   2.143   0.725
 2.313089850   0.021  -1.413  -2.148   1.434   2.169   0.735
 2.313241000  -0.019  -1.472  -2.219   1.453   2.200   0.747
 2.313376430  -0.066  -1.542  -2.304   1.476   2.238   0.762
 2.313403370  -0.076  -1.559  -2.325   1.483   2.249   0.766
