 0.100000000  14.334  12.786  11.843   1.548   2.491   0.943
 0.120000000  13.087  11.775  10.948   1.312   2.139   0.827
 0.140000000  12.495  11.251  10.468   1.244   2.027   0.783
 0.160000000  12.072  10.863  10.106   1.209   1.966   0.757
 0.200000000  11.442  10.279   9.554   1.163   1.888   0.725
 0.250000000  10.885   9.757   9.059   1.128   1.826   0.698
 0.300000010  10.461   9.359   8.681   1.102   1.780   0.678
 0.349999990  10.115   9.036   8.376   1.079   1.739   0.660
 0.372317430   9.961   8.893   8.242   1.068   1.719   0.651
 0.438640270   9.469   8.442   7.823   1.027   1.646   0.619
 0.421916570   9.600   8.562   7.934   1.038   1.666   0.628
 0.449999990   9.385   8.365   7.752   1.020   1.633   0.613
 0.451543930   9.362   8.345   7.733   1.017   1.629   0.612
 0.453509840   9.331   8.316   7.708   1.015   1.623   0.608
 0.461383490   9.254   8.248   7.645   1.006   1.609   0.603
 0.472862420   9.140   8.146   7.553   0.994   1.587   0.593
 0.485972850   9.012   8.031   7.448   0.981   1.564   0.583
 0.500000000   8.874   7.908   7.337   0.966   1.537   0.571
 0.511105120   8.726   7.779   7.223   0.947   1.503   0.556
 0.534427460   8.426   7.515   6.986   0.911   1.440   0.529
 0.550000010   8.228   7.341   6.829   0.887   1.399   0.512
 0.564129110   8.034   7.175   6.682   0.859   1.352   0.493
 0.584099410   7.768   6.948   6.479   0.820   1.289   0.469
 0.600000020   7.564   6.777   6.325   0.787   1.239   0.452
 0.600979510   7.551   6.765   6.315   0.786   1.236   0.450
 0.623134910   7.244   6.512   6.089   0.732   1.155   0.423
 0.643077140   6.981   6.298   5.896   0.683   1.085   0.402
 0.649999980   6.889   6.224   5.829   0.665   1.060   0.395
 0.659475920   6.767   6.123   5.738   0.644   1.029   0.385
 0.677193880   6.542   5.937   5.568   0.605   0.974   0.369
 0.693447590   6.343   5.771   5.416   0.572   0.927   0.355
 0.699999990   6.263   5.703   5.354   0.560   0.909   0.349
 0.700439210   6.257   5.699   5.350   0.558   0.907   0.349
 0.712590220   6.109   5.573   5.233   0.536   0.876   0.340
 0.724358980   5.965   5.449   5.118   0.516   0.847   0.331
 0.735816000   5.829   5.328   5.005   0.501   0.824   0.323
 0.746359230   5.702   5.215   4.899   0.487   0.803   0.316
 0.750000000   5.658   5.176   4.862   0.482   0.796   0.314
 0.752028700   5.633   5.154   4.841   0.479   0.792   0.313
 0.763518810   5.492   5.026   4.721   0.466   0.771   0.305
 0.774052500   5.359   4.906   4.606   0.453   0.753   0.300
 0.783957960   5.230   4.789   4.495   0.441   0.735   0.294
 0.793287460   5.104   4.673   4.385   0.431   0.719   0.288
 0.800000010   5.011   4.587   4.303   0.424   0.708   0.284
 0.803497970   4.961   4.542   4.259   0.419   0.702   0.283
 0.811748920   4.840   4.429   4.151   0.411   0.689   0.278
 0.819506530   4.722   4.318   4.045   0.404   0.677   0.273
 0.830286200   4.553   4.158   3.891   0.395   0.662   0.267
 0.839777650   4.396   4.009   3.745   0.387   0.651   0.264
 0.847541870   4.260   3.877   3.615   0.383   0.645   0.262
 0.849614020   4.223   3.841   3.580   0.382   0.643   0.261
 0.850000020   4.216   3.833   3.572   0.383   0.644   0.261
 0.856635030   4.088   3.706   3.445   0.382   0.643   0.261
 0.863065240   3.954   3.567   3.303   0.387   0.651   0.264
 0.866327520   3.882   3.489   3.221   0.393   0.661   0.268
 0.868145640   3.840   3.442   3.170   0.398   0.670   0.272
 0.871712570   3.756   3.342   3.060   0.414   0.696   0.282
 0.874278780   3.704   3.264   2.969   0.440   0.735   0.295
 0.876194060   3.677   3.208   2.898   0.469   0.779   0.310
 0.877977310   3.675   3.167   2.836   0.508   0.839   0.331
 0.879247370   3.688   3.141   2.792   0.547   0.896   0.349
 0.880407930   3.677   3.093   2.728   0.584   0.949   0.365
 0.881310880   3.630   3.021   2.644   0.609   0.986   0.377
 0.882177950   3.550   2.920   2.535   0.630   1.015   0.385
 0.882855590   3.460   2.818   2.428   0.642   1.032   0.390
 0.883515540   3.360   2.707   2.312   0.653   1.048   0.395
 0.884138350   3.252   2.591   2.193   0.661   1.059   0.398
 0.884718480   3.143   2.474   2.073   0.669   1.070   0.401
 0.885258970   3.032   2.357   1.953   0.675   1.079   0.404
 0.885678590   2.938   2.258   1.852   0.680   1.086   0.406
 0.886146250   2.828   2.141   1.732   0.687   1.096   0.409
 0.886605080   2.710   2.017   1.604   0.693   1.106   0.413
 0.887020890   2.595   1.894   1.478   0.701   1.117   0.416
 0.887378690   2.487   1.778   1.360   0.709   1.127   0.418
 0.887720350   2.376   1.658   1.236   0.718   1.140   0.422
 0.888028440   2.266   1.540   1.114   0.726   1.152   0.426
 0.888302980   2.162   1.426   0.997   0.736   1.165   0.429
 0.888550820   2.059   1.314   0.881   0.745   1.178   0.433
 0.888779520   1.955   1.201   0.764   0.754   1.191   0.437
 0.888986350   1.855   1.091   0.650   0.764   1.205   0.441
 0.889169510   1.759   0.985   0.540   0.774   1.219   0.445
 0.889341290   1.662   0.878   0.429   0.784   1.233   0.449
 0.889499660   1.566   0.770   0.317   0.796   1.249   0.453
 0.889643670   1.472   0.665   0.207   0.807   1.265   0.458
 0.889766280   1.386   0.568   0.106   0.818   1.280   0.462
 0.889886140   1.298   0.468   0.001   0.830   1.297   0.467
 0.889995630   1.214   0.372  -0.100   0.842   1.314   0.472
 0.890097620   1.131   0.276  -0.201   0.855   1.332   0.477
 0.890192630   1.051   0.185  -0.297   0.866   1.348   0.482
 0.890291930   0.979   0.100  -0.386   0.879   1.365   0.486
 0.890383960   0.931   0.045  -0.444   0.886   1.375   0.489
 0.890461920   0.970   0.094  -0.392   0.876   1.362   0.486
 0.890489220   0.992   0.121  -0.363   0.871   1.355   0.484
 0.890544000   0.933   0.052  -0.435   0.881   1.368   0.487
 0.890617670   0.852  -0.042  -0.535   0.894   1.387   0.493
 0.890687290   0.774  -0.136  -0.635   0.910   1.409   0.499
 0.890752490   0.695  -0.230  -0.735   0.925   1.430   0.505
 0.890811680   0.620  -0.322  -0.832   0.942   1.452   0.510
 0.890867530   0.543  -0.415  -0.932   0.958   1.475   0.517
 0.890917360   0.471  -0.503  -1.027   0.974   1.498   0.524
 0.890963670   0.400  -0.589  -1.119   0.989   1.519   0.530
 0.891005400   0.334  -0.671  -1.208   1.005   1.542   0.537
 0.891045930   0.264  -0.757  -1.301   1.021   1.565   0.544
 0.891090150   0.185  -0.857  -1.409   1.042   1.594   0.552
 0.891131100   0.105  -0.958  -1.518   1.063   1.623   0.560
 0.891169070   0.028  -1.057  -1.628   1.085   1.656   0.571
 0.891202210  -0.042  -1.151  -1.731   1.109   1.689   0.580
 0.891233860  -0.115  -1.247  -1.837   1.132   1.722   0.590
 0.891262890  -0.182  -1.338  -1.939   1.156   1.757   0.601
 0.891288880  -0.245  -1.424  -2.036   1.179   1.791   0.612
 0.891313140  -0.309  -1.511  -2.133   1.202   1.824   0.622
 0.891335840  -0.369  -1.597  -2.230   1.228   1.861   0.633
 0.891355690  -0.426  -1.677  -2.322   1.251   1.896   0.645
 0.891374710  -0.483  -1.759  -2.415   1.276   1.932   0.656
 0.891392590  -0.535  -1.840  -2.509   1.305   1.974   0.669
 0.891408320  -0.581  -1.914  -2.596   1.333   2.015   0.682
 0.891423460  -0.627  -1.987  -2.683   1.360   2.056   0.696
 0.891437650  -0.668  -2.057  -2.769   1.389   2.101   0.712
 0.891450520  -0.706  -2.124  -2.850   1.418   2.144   0.726
 0.891462860  -0.746  -2.194  -2.934   1.448   2.188   0.740
 0.891474600  -0.786  -2.263  -3.019   1.477   2.233   0.756
 0.891485270  -0.823  -2.330  -3.100   1.507   2.277   0.770
 0.891495700  -0.857  -2.396  -3.182   1.539   2.325   0.786
 0.891505300  -0.884  -2.453  -3.257   1.569   2.373   0.804
 0.891513230  -0.902  -2.493  -3.312   1.591   2.410   0.819
 0.891513230   1.134   0.501   0.113   0.633   1.021   0.388
 0.891586240   1.105   0.466   0.074   0.639   1.031   0.392
 0.891656580   1.099   0.458   0.067   0.641   1.032   0.391
 0.891728280   1.093   0.453   0.061   0.640   1.032   0.392
 0.891800340   1.089   0.450   0.059   0.639   1.030   0.391
 0.891872940   1.085   0.448   0.058   0.637   1.027   0.390
 0.891946730   1.082   0.447   0.058   0.635   1.024   0.389
 0.892019210   1.079   0.447   0.059   0.632   1.020   0.388
 0.892093660   1.076   0.448   0.061   0.628   1.015   0.387
 0.892163750   1.073   0.447   0.062   0.626   1.011   0.385
 0.892239930   1.070   0.447   0.063   0.623   1.007   0.384
 0.892307280   1.067   0.447   0.064   0.620   1.003   0.383
 0.892381490   1.064   0.447   0.065   0.617   0.999   0.382
 0.892453550   1.061   0.446   0.065   0.615   0.996   0.381
 0.892525020   1.058   0.446   0.066   0.612   0.992   0.380
 0.892541410   1.058   0.445   0.065   0.613   0.993   0.380
 0.892595770   1.056   0.445   0.065   0.611   0.991   0.380
 0.892671110   1.053   0.443   0.064   0.610   0.989   0.379
 0.892745080   1.050   0.441   0.063   0.609   0.987   0.378
 0.892814340   1.047   0.439   0.061   0.608   0.986   0.378
 0.892884370   1.045   0.437   0.059   0.608   0.986   0.378
 0.892955120   1.042   0.434   0.055   0.608   0.987   0.379
 0.893029450   1.038   0.429   0.051   0.609   0.987   0.378
 0.893055920   1.037   0.428   0.049   0.609   0.988   0.379
 0.893108490   1.035   0.424   0.045   0.611   0.990   0.379
 0.893188540   1.030   0.418   0.038   0.612   0.992   0.380
 0.893269780   1.025   0.410   0.029   0.615   0.996   0.381
 0.893345590   1.021   0.403   0.021   0.618   1.000   0.382
 0.893421350   1.014   0.392   0.008   0.622   1.006   0.384
 0.893497710   1.006   0.379  -0.007   0.627   1.013   0.386
 0.893576920   0.997   0.364  -0.024   0.633   1.021   0.388
 0.893655000   0.985   0.346  -0.045   0.639   1.030   0.391
 0.893731890   0.980   0.340  -0.052   0.640   1.032   0.392
 0.893812240   0.966   0.318  -0.077   0.648   1.043   0.395
 0.893889370   0.930   0.265  -0.137   0.665   1.067   0.402
 0.893945460   0.873   0.184  -0.228   0.689   1.101   0.412
 0.893971620   0.814   0.099  -0.324   0.715   1.138   0.423
 0.893981280   0.759   0.021  -0.410   0.738   1.169   0.431
 0.893985930   0.698  -0.062  -0.502   0.760   1.200   0.440
 0.893988370   0.635  -0.148  -0.596   0.783   1.231   0.448
 0.893989090   0.606  -0.186  -0.638   0.792   1.244   0.452
 0.893989090   0.605  -0.187  -0.640   0.792   1.245   0.453
 0.893989860   0.568  -0.236  -0.693   0.804   1.261   0.457
 0.893991230   0.494  -0.333  -0.798   0.827   1.292   0.465
 0.893992360   0.439  -0.405  -0.878   0.844   1.317   0.473
 0.893993500   0.390  -0.470  -0.949   0.860   1.339   0.479
 0.893995230   0.368  -0.498  -0.979   0.866   1.347   0.481
 0.893998440   0.401  -0.453  -0.930   0.854   1.331   0.477
 0.894001900   0.428  -0.418  -0.891   0.846   1.319   0.473
 0.894025440   0.453  -0.387  -0.857   0.840   1.310   0.470
 0.894051370   0.403  -0.454  -0.932   0.857   1.335   0.478
 0.894074320   0.341  -0.537  -1.023   0.878   1.364   0.486
 0.894099000   0.257  -0.650  -1.147   0.907   1.404   0.497
 0.894120930   0.181  -0.751  -1.257   0.932   1.438   0.506
 0.894140240   0.112  -0.844  -1.360   0.956   1.472   0.516
 0.894157170   0.044  -0.936  -1.460   0.980   1.504   0.524
 0.894172070  -0.019  -1.021  -1.555   1.002   1.536   0.534
 0.894185300  -0.080  -1.104  -1.647   1.024   1.567   0.543
 0.894197230  -0.140  -1.187  -1.739   1.047   1.599   0.552
 0.894208070  -0.198  -1.269  -1.831   1.071   1.633   0.562
 0.894218150  -0.256  -1.352  -1.925   1.096   1.669   0.573
 0.894227390  -0.312  -1.433  -2.016   1.121   1.704   0.583
 0.894236090  -0.366  -1.513  -2.106   1.147   1.740   0.593
 0.894244490  -0.418  -1.588  -2.192   1.170   1.774   0.604
 0.894252660  -0.468  -1.663  -2.279   1.195   1.811   0.616
 0.894260230  -0.516  -1.736  -2.364   1.220   1.848   0.628
 0.894267320  -0.561  -1.806  -2.446   1.245   1.885   0.640
 0.894273820  -0.604  -1.878  -2.531   1.274   1.927   0.653
 0.894278940  -0.647  -1.950  -2.616   1.303   1.969   0.666
 0.894282760  -0.687  -2.018  -2.697   1.331   2.010   0.679
 0.894286330  -0.722  -2.083  -2.776   1.361   2.054   0.693
 0.894289790  -0.754  -2.145  -2.854   1.391   2.100   0.709
 0.894293010  -0.788  -2.213  -2.940   1.425   2.152   0.727
 0.894295390  -0.815  -2.267  -3.009   1.452   2.194   0.742
 0.894296230  -0.820  -2.278  -3.021   1.458   2.201   0.743
 0.894296230  -0.808  -2.253  -2.990   1.445   2.182   0.737
 0.894296290  -0.797  -2.229  -2.960   1.432   2.163   0.731
 0.894296350  -0.808  -2.254  -2.991   1.446   2.183   0.737
 0.894296410  -0.823  -2.285  -3.031   1.462   2.208   0.746
 0.894296470  -0.838  -2.316  -3.070   1.478   2.232   0.754
 0.894296590  -0.852  -2.347  -3.110   1.495   2.258   0.763
 0.894296820  -0.873  -2.397  -3.175   1.524   2.302   0.778
 0.894297120  -0.888  -2.437  -3.228   1.549   2.340   0.791
 0.894297660  -0.923  -2.552  -3.399   1.629   2.476   0.847
 0.894298430  -0.857  -2.361  -3.128   1.504   2.271   0.767
 0.894300220  -0.926  -2.557  -3.404   1.631   2.478   0.847
 0.894301060  -0.922  -2.538  -3.375   1.616   2.453   0.837
