 0.100000000  16.030  14.319  13.150   1.711   2.880   1.169
 0.120000000  14.845  13.256  12.208   1.589   2.637   1.048
 0.140000000  14.158  12.626  11.628   1.532   2.530   0.998
 0.160000000  13.655  12.160  11.195   1.495   2.460   0.965
 0.200000000  12.924  11.511  10.579   1.413   2.345   0.932
 0.250000000  12.278  10.927  10.020   1.351   2.258   0.907
 0.335080120  11.499  10.189   9.314   1.310   2.185   0.875
 0.328895600  11.539  10.226   9.349   1.313   2.190   0.877
 0.349999990  11.407  10.102   9.232   1.305   2.175   0.870
 0.361590300  11.311  10.011   9.144   1.300   2.167   0.867
 0.388541010  11.103   9.810   8.950   1.293   2.153   0.860
 0.400000010  11.031   9.742   8.885   1.289   2.146   0.857
 0.449999990  10.669   9.400   8.563   1.269   2.106   0.837
 0.500000000  10.304   9.053   8.238   1.251   2.066   0.815
 0.523803650  10.093   8.853   8.051   1.240   2.042   0.802
 0.550000010   9.904   8.674   7.885   1.230   2.019   0.789
 0.555056750   9.856   8.629   7.844   1.227   2.012   0.785
 0.563075070   9.781   8.558   7.779   1.223   2.002   0.779
 0.568128880   9.734   8.514   7.737   1.220   1.997   0.777
 0.571708800   9.701   8.482   7.708   1.219   1.993   0.774
 0.574355130   9.676   8.459   7.686   1.217   1.990   0.773
 0.600000020   9.473   8.270   7.512   1.203   1.961   0.758
 0.649999980   8.998   7.843   7.128   1.155   1.870   0.715
 0.699999990   8.501   7.402   6.736   1.099   1.765   0.666
 0.705898520   8.435   7.345   6.687   1.090   1.748   0.658
 0.750000000   7.952   6.929   6.329   1.023   1.623   0.600
 0.779495240   7.637   6.660   6.099   0.977   1.538   0.561
 0.800000010   7.427   6.481   5.946   0.946   1.481   0.535
 0.850000020   6.949   6.076   5.595   0.873   1.354   0.481
 0.899999980   6.513   5.710   5.273   0.803   1.240   0.437
 0.949999990   6.114   5.379   4.976   0.735   1.138   0.403
 0.983626540   5.863   5.169   4.786   0.694   1.077   0.383
 1.000000000   5.745   5.070   4.697   0.675   1.048   0.373
 1.049999950   5.398   4.778   4.429   0.620   0.969   0.349
 1.090775010   5.132   4.551   4.220   0.581   0.912   0.331
 1.100000020   5.074   4.501   4.174   0.573   0.900   0.327
 1.105951310   5.037   4.469   4.145   0.568   0.892   0.324
 1.149999980   4.767   4.237   3.929   0.530   0.838   0.308
 1.161908750   4.695   4.175   3.871   0.520   0.824   0.304
 1.200000050   4.473   3.982   3.691   0.491   0.782   0.291
 1.250000000   4.199   3.740   3.467   0.459   0.732   0.273
 1.295791030   3.962   3.532   3.272   0.430   0.690   0.260
 1.299999950   3.941   3.513   3.255   0.428   0.686   0.258
 1.316456440   3.859   3.441   3.188   0.418   0.671   0.253
 1.350000020   3.697   3.297   3.054   0.400   0.643   0.243
 1.399999980   3.467   3.092   2.864   0.375   0.603   0.228
 1.407016280   3.436   3.064   2.838   0.372   0.598   0.226
 1.450000050   3.245   2.895   2.682   0.350   0.563   0.213
 1.500000000   3.031   2.705   2.507   0.326   0.524   0.198
 1.533491850   2.897   2.583   2.393   0.314   0.504   0.190
 1.549999950   2.832   2.523   2.336   0.309   0.496   0.187
 1.552882910   2.821   2.512   2.327   0.309   0.494   0.185
 1.580811500   2.712   2.412   2.232   0.300   0.480   0.180
 1.600000020   2.639   2.344   2.168   0.295   0.471   0.176
 1.616964220   2.575   2.285   2.111   0.290   0.464   0.174
 1.649771450   2.455   2.171   2.002   0.284   0.453   0.169
 1.649999980   2.454   2.170   2.001   0.284   0.453   0.169
 1.676202540   2.359   2.079   1.913   0.280   0.446   0.166
 1.699688790   2.276   1.998   1.832   0.278   0.444   0.166
 1.700000050   2.275   1.997   1.831   0.278   0.444   0.166
 1.712204810   2.232   1.955   1.789   0.277   0.443   0.166
 1.739409920   2.140   1.861   1.695   0.279   0.445   0.166
 1.750000000   2.105   1.825   1.659   0.280   0.446   0.166
 1.754094720   2.091   1.812   1.644   0.279   0.447   0.168
 1.777020450   2.019   1.735   1.565   0.284   0.454   0.170
 1.799896960   1.951   1.660   1.484   0.291   0.467   0.176
 1.799999950   1.951   1.659   1.483   0.292   0.468   0.176
 1.813118220   1.914   1.617   1.437   0.297   0.477   0.180
 1.836557980   1.852   1.543   1.354   0.309   0.498   0.189
 1.850000020   1.820   1.501   1.307   0.319   0.513   0.194
 1.852693080   1.814   1.493   1.297   0.321   0.517   0.196
 1.873055930   1.777   1.435   1.227   0.342   0.550   0.208
 1.891749380   1.749   1.384   1.162   0.365   0.587   0.222
 1.899999980   1.738   1.362   1.134   0.376   0.604   0.228
 1.916726710   1.718   1.320   1.078   0.398   0.640   0.242
 1.933309080   1.705   1.278   1.021   0.427   0.684   0.257
 1.950000050   1.663   1.217   0.951   0.446   0.712   0.266
 1.950630660   1.661   1.214   0.948   0.447   0.713   0.266
 1.955463650   1.607   1.169   0.908   0.438   0.699   0.261
 1.959229350   1.497   1.093   0.848   0.404   0.649   0.245
 1.960448380   1.410   1.036   0.808   0.374   0.602   0.228
 1.961069700   1.327   0.981   0.771   0.346   0.556   0.210
 1.961437580   1.240   0.924   0.732   0.316   0.508   0.192
 1.961662170   1.155   0.866   0.691   0.289   0.464   0.175
 1.961819290   1.065   0.803   0.646   0.262   0.419   0.157
 1.961946730   1.000   0.758   0.614   0.242   0.386   0.144
 1.961988330   1.047   0.797   0.647   0.250   0.400   0.150
 1.962041380   1.135   0.866   0.704   0.269   0.431   0.162
 1.962093830   1.224   0.929   0.749   0.295   0.475   0.180
 1.962163570   1.292   0.961   0.760   0.331   0.532   0.201
 1.962246060   1.323   0.957   0.734   0.366   0.589   0.223
 1.962346320   1.348   0.945   0.701   0.403   0.647   0.244
 1.962470650   1.384   0.943   0.680   0.441   0.704   0.263
 1.962630390   1.431   0.953   0.670   0.478   0.761   0.283
 1.962859870   1.501   0.980   0.677   0.521   0.824   0.303
 1.963180660   1.595   1.027   0.703   0.568   0.892   0.324
 1.963592290   1.726   1.106   0.759   0.620   0.967   0.347
 1.963939670   1.850   1.190   0.825   0.660   1.025   0.365
 1.964284180   1.987   1.287   0.906   0.700   1.081   0.381
 1.964572790   2.114   1.381   0.985   0.733   1.129   0.396
 1.964927430   2.271   1.498   1.085   0.773   1.186   0.413
 1.965279340   2.403   1.593   1.164   0.810   1.239   0.429
 1.965718870   2.506   1.653   1.205   0.853   1.301   0.448
 1.966069940   2.539   1.656   1.194   0.883   1.345   0.462
 1.966242790   2.525   1.630   1.163   0.895   1.362   0.467
 1.966674570   2.470   1.547   1.067   0.923   1.403   0.480
 1.967018600   2.405   1.462   0.973   0.943   1.432   0.489
 1.967348810   2.334   1.375   0.879   0.959   1.455   0.496
 1.967665310   2.261   1.288   0.785   0.973   1.476   0.503
 1.967972280   2.188   1.200   0.690   0.988   1.498   0.510
 1.968271020   2.114   1.111   0.595   1.003   1.519   0.516
 1.968565110   2.040   1.024   0.501   1.016   1.539   0.523
 1.968858360   1.966   0.936   0.408   1.030   1.558   0.528
 1.968931790   1.948   0.915   0.385   1.033   1.563   0.530
 1.969150780   1.892   0.849   0.316   1.043   1.576   0.533
 1.969369770   1.837   0.784   0.246   1.053   1.591   0.538
 1.969442960   1.819   0.762   0.222   1.057   1.597   0.540
 1.969734310   1.744   0.673   0.128   1.071   1.616   0.545
 1.970023870   1.670   0.585   0.034   1.085   1.636   0.551
 1.970309850   1.598   0.500  -0.058   1.098   1.656   0.558
 1.970592740   1.526   0.415  -0.151   1.111   1.677   0.566
 1.970923420   1.443   0.314  -0.260   1.129   1.703   0.574
 1.971202490   1.371   0.228  -0.354   1.143   1.725   0.582
 1.971498970   1.294   0.134  -0.457   1.160   1.751   0.591
 1.971789480   1.219   0.041  -0.558   1.178   1.777   0.599
 1.972076180   1.143  -0.052  -0.660   1.195   1.803   0.608
 1.972352150   1.070  -0.144  -0.759   1.214   1.829   0.615
 1.972619890   1.005  -0.226  -0.851   1.231   1.856   0.625
 1.972919820   0.935  -0.314  -0.949   1.249   1.884   0.635
 1.973231790   0.871  -0.396  -1.041   1.267   1.912   0.645
 1.973755240   0.802  -0.484  -1.140   1.286   1.942   0.656
 1.973769780   0.801  -0.485  -1.142   1.286   1.943   0.657
 1.974121930   0.963  -0.277  -0.908   1.240   1.871   0.631
 1.974244120   1.076  -0.136  -0.750   1.212   1.826   0.614
 1.974330660   1.242   0.071  -0.524   1.171   1.766   0.595
 1.974408510   1.361   0.217  -0.365   1.144   1.726   0.582
 1.974454280   1.396   0.260  -0.318   1.136   1.714   0.578
 1.974465370   1.414   0.282  -0.294   1.132   1.708   0.576
 1.974471570   1.428   0.299  -0.275   1.129   1.703   0.574
 1.974476810   1.441   0.315  -0.258   1.126   1.699   0.573
 1.974482180   1.454   0.331  -0.240   1.123   1.694   0.571
 1.974490170   1.471   0.352  -0.218   1.119   1.689   0.570
 1.974500180   1.489   0.373  -0.194   1.116   1.683   0.567
 1.974513770   1.508   0.397  -0.168   1.111   1.676   0.565
 1.974533080   1.531   0.424  -0.138   1.107   1.669   0.562
 1.974562050   1.559   0.458  -0.101   1.101   1.660   0.559
 1.974608780   1.597   0.503  -0.052   1.094   1.649   0.555
 1.974684950   1.633   0.547  -0.005   1.086   1.638   0.552
 1.974810840   1.676   0.600   0.053   1.076   1.623   0.547
 1.975059510   1.749   0.690   0.150   1.059   1.599   0.540
 1.976400970   2.156   1.182   0.680   0.974   1.476   0.502
 1.999728440   2.078   1.106   0.606   0.972   1.472   0.500
 2.000000000   2.077   1.105   0.605   0.972   1.472   0.500
 2.009124760   2.048   1.078   0.579   0.970   1.469   0.499
 2.038426400   1.937   0.970   0.473   0.967   1.464   0.497
 2.049999950   1.888   0.921   0.424   0.967   1.464   0.497
 2.062216520   1.834   0.866   0.369   0.968   1.465   0.497
 2.084265950   1.732   0.759   0.261   0.973   1.471   0.498
 2.099999900   1.657   0.677   0.175   0.980   1.482   0.502
 2.101721290   1.648   0.668   0.166   0.980   1.482   0.502
 2.113054040   1.592   0.603   0.098   0.989   1.494   0.505
 2.117088320   1.570   0.578   0.071   0.992   1.499   0.507
 2.126478430   1.504   0.495  -0.019   1.009   1.523   0.514
 2.128485200   1.481   0.465  -0.053   1.016   1.534   0.518
 2.129228590   1.466   0.447  -0.072   1.019   1.538   0.519
 2.130236630   1.418   0.383  -0.143   1.035   1.561   0.526
 2.130693670   1.373   0.325  -0.207   1.048   1.580   0.532
 2.130942820   1.300   0.231  -0.310   1.069   1.610   0.541
 2.131052020   1.279   0.204  -0.340   1.075   1.619   0.544
 2.131116390   1.269   0.191  -0.354   1.078   1.623   0.545
 2.131158110   1.260   0.179  -0.366   1.081   1.626   0.545
 2.131197690   1.252   0.168  -0.378   1.084   1.630   0.546
 2.131238220   1.243   0.158  -0.390   1.085   1.633   0.548
 2.131344800   1.238   0.151  -0.398   1.087   1.636   0.549
 2.131448510   1.242   0.156  -0.391   1.086   1.633   0.547
 2.131683830   1.240   0.154  -0.394   1.086   1.634   0.548
 2.135033370   1.076  -0.056  -0.627   1.132   1.703   0.571
 2.136396650   0.957  -0.207  -0.794   1.164   1.751   0.587
 2.137328390   0.885  -0.298  -0.895   1.183   1.780   0.597
 2.138041730   0.819  -0.381  -0.986   1.200   1.805   0.605
 2.138611790   0.755  -0.464  -1.077   1.219   1.832   0.613
 2.139085290   0.695  -0.542  -1.165   1.237   1.860   0.623
 2.139495130   0.635  -0.620  -1.253   1.255   1.888   0.633
 2.139860150   0.576  -0.698  -1.342   1.274   1.918   0.644
 2.140194890   0.516  -0.777  -1.432   1.293   1.948   0.655
 2.140506980   0.455  -0.857  -1.523   1.312   1.978   0.666
 2.140797620   0.395  -0.938  -1.615   1.333   2.010   0.677
 2.141060350   0.333  -1.020  -1.708   1.353   2.041   0.688
 2.141278270   0.280  -1.094  -1.794   1.374   2.074   0.700
 2.141438720   0.235  -1.160  -1.873   1.395   2.108   0.713
 2.141553880   0.193  -1.221  -1.946   1.414   2.139   0.725
 2.141645910   0.151  -1.284  -2.022   1.435   2.173   0.738
 2.141721490   0.108  -1.348  -2.099   1.456   2.207   0.751
 2.141804220   0.056  -1.425  -2.192   1.481   2.248   0.767
 2.141878840   0.010  -1.497  -2.279   1.507   2.289   0.782
 2.141956330  -0.029  -1.557  -2.357   1.528   2.328   0.800
