 0.100000000  15.618  13.878  12.781   1.740   2.837   1.097
 0.120000000  14.358  12.763  11.777   1.595   2.581   0.986
 0.140000000  13.643  12.144  11.199   1.499   2.444   0.945
 0.160000000  13.137  11.703  10.781   1.434   2.356   0.922
 0.200000000  12.428  11.063  10.177   1.365   2.251   0.886
 0.250000000  11.802  10.483   9.627   1.319   2.175   0.856
 0.300000010  11.316  10.030   9.195   1.286   2.121   0.835
 0.349606450  10.953   9.686   8.867   1.267   2.086   0.819
 0.349999990  10.951   9.684   8.865   1.267   2.086   0.819
 0.400000010  10.635   9.384   8.580   1.251   2.055   0.804
 0.449999990  10.279   9.050   8.266   1.229   2.013   0.784
 0.500000000   9.882   8.680   7.922   1.202   1.960   0.758
 0.546097520   9.449   8.289   7.564   1.160   1.885   0.725
 0.550000010   9.413   8.256   7.535   1.157   1.878   0.721
 0.596301020   8.935   7.832   7.155   1.103   1.780   0.677
 0.600000020   8.900   7.801   7.127   1.099   1.773   0.674
 0.635373060   8.502   7.452   6.819   1.050   1.683   0.633
 0.649999980   8.345   7.315   6.698   1.030   1.647   0.617
 0.699999990   7.728   6.787   6.246   0.941   1.482   0.541
 0.715199050   7.544   6.630   6.112   0.914   1.432   0.518
 0.750000000   7.146   6.296   5.823   0.850   1.323   0.473
 0.771478650   6.915   6.102   5.652   0.813   1.263   0.450
 0.800000010   6.621   5.858   5.436   0.763   1.185   0.422
 0.833520710   6.294   5.587   5.192   0.707   1.102   0.395
 0.850000020   6.138   5.457   5.075   0.681   1.063   0.382
 0.850342930   6.135   5.455   5.072   0.680   1.063   0.383
 0.889452820   5.788   5.163   4.805   0.625   0.983   0.358
 0.899999980   5.695   5.085   4.734   0.610   0.961   0.351
 0.920383270   5.520   4.935   4.595   0.585   0.925   0.340
 0.949999990   5.274   4.722   4.396   0.552   0.878   0.326
 0.952833950   5.251   4.702   4.377   0.549   0.874   0.325
 0.968747560   5.122   4.587   4.270   0.535   0.852   0.317
 0.983344850   5.003   4.482   4.171   0.521   0.832   0.311
 0.997858580   4.886   4.378   4.072   0.508   0.814   0.306
 1.000000000   4.868   4.362   4.057   0.506   0.811   0.305
 1.005763050   4.822   4.321   4.018   0.501   0.804   0.303
 1.020500420   4.703   4.214   3.916   0.489   0.787   0.298
 1.033875470   4.595   4.116   3.824   0.479   0.771   0.292
 1.049999950   4.468   4.000   3.712   0.468   0.756   0.288
 1.054963350   4.430   3.965   3.679   0.465   0.751   0.286
 1.065553310   4.351   3.891   3.608   0.460   0.743   0.283
 1.075874450   4.277   3.821   3.540   0.456   0.737   0.281
 1.093431230   4.146   3.698   3.420   0.448   0.726   0.278
 1.100000020   4.094   3.648   3.372   0.446   0.722   0.276
 1.105677010   4.048   3.605   3.330   0.443   0.718   0.275
 1.118986730   3.939   3.500   3.228   0.439   0.711   0.272
 1.120738510   3.924   3.486   3.215   0.438   0.709   0.271
 1.131000520   3.838   3.403   3.132   0.435   0.706   0.271
 1.141612530   3.748   3.314   3.044   0.434   0.704   0.270
 1.149999980   3.677   3.242   2.972   0.435   0.705   0.270
 1.150664690   3.671   3.237   2.967   0.434   0.704   0.270
 1.156976220   3.614   3.177   2.906   0.437   0.708   0.271
 1.160179850   3.574   3.136   2.864   0.438   0.710   0.272
 1.162189600   3.555   3.116   2.843   0.439   0.712   0.273
 1.169754860   3.496   3.049   2.772   0.447   0.724   0.277
 1.179196480   3.427   2.967   2.683   0.460   0.744   0.284
 1.187261580   3.378   2.898   2.604   0.480   0.774   0.294
 1.192288280   3.367   2.864   2.560   0.503   0.807   0.304
 1.195698380   3.378   2.851   2.536   0.527   0.842   0.315
 1.198782090   3.414   2.858   2.528   0.556   0.886   0.330
 1.200000050   3.442   2.869   2.533   0.573   0.909   0.336
 1.200639490   3.461   2.879   2.538   0.582   0.923   0.341
 1.203118090   3.588   2.954   2.592   0.634   0.996   0.362
 1.204836850   3.701   3.025   2.645   0.676   1.056   0.380
 1.206468110   3.815   3.096   2.697   0.719   1.118   0.399
 1.208443640   3.909   3.145   2.726   0.764   1.183   0.419
 1.211091880   3.931   3.124   2.686   0.807   1.245   0.438
 1.212947960   3.891   3.065   2.619   0.826   1.272   0.446
 1.213245390   3.881   3.053   2.605   0.828   1.276   0.448
 1.215624330   3.786   2.942   2.486   0.844   1.300   0.456
 1.217552420   3.691   2.836   2.376   0.855   1.315   0.460
 1.219451190   3.585   2.719   2.255   0.866   1.330   0.464
 1.221170780   3.480   2.605   2.138   0.875   1.342   0.467
 1.222841380   3.368   2.485   2.013   0.883   1.355   0.472
 1.224354620   3.258   2.365   1.890   0.893   1.368   0.475
 1.225629330   3.157   2.255   1.777   0.902   1.380   0.478
 1.226865770   3.052   2.140   1.658   0.912   1.394   0.482
 1.227972750   2.949   2.029   1.542   0.920   1.407   0.487
 1.228970530   2.850   1.920   1.428   0.930   1.422   0.492
 1.229898930   2.749   1.808   1.312   0.941   1.437   0.496
 1.230670330   2.659   1.707   1.206   0.952   1.453   0.501
 1.231428500   2.562   1.599   1.093   0.963   1.469   0.506
 1.232105610   2.469   1.494   0.982   0.975   1.487   0.512
 1.232700710   2.382   1.394   0.878   0.988   1.504   0.516
 1.233266350   2.292   1.292   0.770   1.000   1.522   0.522
 1.233787180   2.204   1.191   0.664   1.013   1.540   0.527
 1.234266640   2.118   1.092   0.559   1.026   1.559   0.533
 1.234707000   2.036   0.997   0.459   1.039   1.577   0.538
 1.235155220   1.956   0.904   0.360   1.052   1.596   0.544
 1.235755800   1.883   0.821   0.271   1.062   1.612   0.550
 1.236218330   1.960   0.913   0.371   1.047   1.589   0.542
 1.236374740   1.997   0.957   0.419   1.040   1.578   0.538
 1.236499670   1.967   0.922   0.382   1.045   1.585   0.540
 1.236866470   1.885   0.827   0.280   1.058   1.605   0.547
 1.237218740   1.804   0.733   0.179   1.071   1.625   0.554
 1.237540480   1.727   0.642   0.081   1.085   1.646   0.561
 1.237846370   1.649   0.550  -0.018   1.099   1.667   0.568
 1.238125680   1.573   0.459  -0.115   1.114   1.688   0.574
 1.238390210   1.496   0.368  -0.213   1.128   1.709   0.581
 1.238636490   1.420   0.276  -0.312   1.144   1.732   0.588
 1.238856790   1.346   0.188  -0.407   1.158   1.753   0.595
 1.239063140   1.274   0.100  -0.502   1.174   1.776   0.602
 1.239253040   1.207   0.017  -0.594   1.190   1.801   0.611
 1.239426970   1.141  -0.066  -0.685   1.207   1.826   0.619
 1.239587430   1.076  -0.146  -0.775   1.222   1.851   0.629
 1.239736320   1.011  -0.228  -0.865   1.239   1.876   0.637
 1.239874720   0.948  -0.308  -0.954   1.256   1.902   0.646
 1.240002160   0.885  -0.388  -1.043   1.273   1.928   0.655
 1.240121480   0.822  -0.469  -1.132   1.291   1.954   0.663
 1.240228180   0.763  -0.545  -1.217   1.308   1.980   0.672
 1.240330820   0.706  -0.620  -1.303   1.326   2.009   0.683
 1.240423320   0.657  -0.689  -1.384   1.346   2.041   0.695
 1.240508910   0.608  -0.758  -1.464   1.366   2.072   0.706
 1.240591050   0.558  -0.829  -1.547   1.387   2.105   0.718
 1.240664010   0.512  -0.895  -1.625   1.407   2.137   0.730
 1.240733980   0.463  -0.964  -1.707   1.427   2.170   0.743
 1.240798950   0.417  -1.031  -1.785   1.448   2.202   0.754
 1.240858200   0.373  -1.096  -1.862   1.469   2.235   0.766
 1.240915540   0.334  -1.154  -1.935   1.488   2.269   0.781
 1.240967270   0.306  -1.202  -1.998   1.508   2.304   0.796
 1.241027590   0.268  -1.263  -2.079   1.531   2.347   0.816
 1.241072890   0.241  -1.311  -2.143   1.552   2.384   0.832
 1.241125580   0.209  -1.368  -2.221   1.577   2.430   0.853
 1.241172310   0.182  -1.419  -2.293   1.601   2.475   0.874
 1.241216180   0.157  -1.470  -2.365   1.627   2.522   0.895
 1.241257430   0.193  -1.439  -2.372   1.632   2.565   0.933
 1.241295340   0.235  -1.399  -2.370   1.634   2.605   0.971
 1.241330270   0.280  -1.353  -2.364   1.633   2.644   1.011
 1.241362690   0.329  -1.300  -2.352   1.629   2.681   1.052
 1.241392730   0.379  -1.244  -2.337   1.623   2.716   1.093
 1.241421220   0.438  -1.176  -2.312   1.614   2.750   1.136
 1.241447570   0.554  -1.048  -2.242   1.602   2.796   1.194
 1.241472360   0.673  -0.917  -2.167   1.590   2.840   1.250
 1.241488220   0.739  -0.843  -2.126   1.582   2.865   1.283
 1.241488220   1.643   0.661   0.153   0.982   1.490   0.508
 1.241765140   1.623   0.635   0.125   0.988   1.498   0.510
 1.242034440   1.614   0.624   0.113   0.990   1.501   0.511
 1.242305040   1.610   0.620   0.109   0.990   1.501   0.511
 1.242580890   1.607   0.620   0.110   0.987   1.497   0.510
 1.242856620   1.605   0.620   0.111   0.985   1.494   0.509
 1.243135090   1.604   0.620   0.112   0.984   1.492   0.508
 1.243412490   1.602   0.621   0.113   0.981   1.489   0.508
 1.243688230   1.601   0.621   0.114   0.980   1.487   0.507
 1.243976830   1.599   0.620   0.114   0.979   1.485   0.506
 1.244246960   1.596   0.619   0.113   0.977   1.483   0.506
 1.244540330   1.594   0.618   0.113   0.976   1.481   0.505
 1.244832520   1.591   0.616   0.112   0.975   1.479   0.504
 1.245115880   1.588   0.615   0.111   0.973   1.477   0.504
 1.245352270   1.586   0.613   0.110   0.973   1.476   0.503
 1.245387080   1.586   0.613   0.110   0.973   1.476   0.503
 1.245652440   1.583   0.611   0.108   0.972   1.475   0.503
 1.245926980   1.580   0.609   0.106   0.971   1.474   0.503
 1.246206760   1.577   0.606   0.104   0.971   1.473   0.502
 1.246489290   1.574   0.603   0.101   0.971   1.473   0.502
 1.246769430   1.570   0.600   0.098   0.970   1.472   0.502
 1.247032170   1.566   0.596   0.095   0.970   1.471   0.501
 1.247287270   1.563   0.593   0.091   0.970   1.472   0.502
 1.247316840   1.562   0.592   0.090   0.970   1.472   0.502
 1.247591260   1.558   0.587   0.085   0.971   1.473   0.502
 1.247859000   1.553   0.582   0.079   0.971   1.474   0.503
 1.248131750   1.548   0.575   0.072   0.973   1.476   0.503
 1.248405100   1.542   0.568   0.064   0.974   1.478   0.504
 1.248675470   1.535   0.559   0.054   0.976   1.481   0.505
 1.248943570   1.527   0.549   0.044   0.978   1.483   0.505
 1.249212150   1.519   0.538   0.031   0.981   1.488   0.507
 1.249479650   1.508   0.524   0.016   0.984   1.492   0.508
 1.249747040   1.513   0.532   0.025   0.981   1.488   0.507
 1.250017760   1.496   0.509   0.000   0.987   1.496   0.509
 1.250293250   1.465   0.466  -0.048   0.999   1.513   0.514
 1.250556350   1.408   0.388  -0.135   1.020   1.543   0.523
 1.250679730   1.350   0.310  -0.222   1.040   1.572   0.532
 1.250741120   1.292   0.232  -0.308   1.060   1.600   0.540
 1.250771050   1.234   0.157  -0.393   1.077   1.627   0.550
 1.250785950   1.175   0.080  -0.478   1.095   1.653   0.558
 1.250794170   1.116   0.004  -0.563   1.112   1.679   0.567
 1.250799180   1.061  -0.068  -0.643   1.129   1.704   0.575
 1.250799300   1.060  -0.069  -0.644   1.129   1.704   0.575
 1.250799420   1.059  -0.071  -0.646   1.130   1.705   0.575
 1.250803950   0.997  -0.152  -0.736   1.149   1.733   0.584
 1.250808360   0.937  -0.231  -0.823   1.168   1.760   0.592
 1.250818130   0.890  -0.291  -0.890   1.181   1.780   0.599
 1.250827790   0.950  -0.212  -0.802   1.162   1.752   0.590
 1.250872020   1.008  -0.136  -0.718   1.144   1.726   0.582
 1.251050470   0.954  -0.208  -0.797   1.162   1.751   0.589
 1.251153590   0.885  -0.299  -0.899   1.184   1.784   0.600
 1.251235490   0.832  -0.370  -0.981   1.202   1.813   0.611
 1.251313920   0.775  -0.447  -1.068   1.222   1.843   0.621
 1.251381750   0.718  -0.523  -1.154   1.241   1.872   0.631
 1.251442070   0.663  -0.598  -1.241   1.261   1.904   0.643
 1.251495480   0.606  -0.675  -1.327   1.281   1.933   0.652
 1.251542810   0.550  -0.751  -1.413   1.301   1.963   0.662
 1.251585130   0.496  -0.826  -1.499   1.322   1.995   0.673
 1.251623150   0.451  -0.893  -1.580   1.344   2.031   0.687
 1.251658200   0.407  -0.959  -1.660   1.366   2.067   0.701
 1.251690270   0.364  -1.025  -1.739   1.389   2.103   0.714
 1.251720670   0.321  -1.091  -1.818   1.412   2.139   0.727
 1.251749750   0.278  -1.156  -1.897   1.434   2.175   0.741
 1.251776460   0.237  -1.221  -1.976   1.458   2.213   0.755
 1.251802920   0.197  -1.284  -2.053   1.481   2.250   0.769
 1.251829500   0.168  -1.335  -2.120   1.503   2.288   0.785
 1.251854780   0.144  -1.382  -2.186   1.526   2.330   0.804
 1.251874690   0.119  -1.431  -2.255   1.550   2.374   0.824
 1.251887200   0.097  -1.476  -2.320   1.573   2.417   0.844
 1.251897340   0.077  -1.518  -2.381   1.595   2.458   0.863
 1.251906630   0.058  -1.561  -2.444   1.619   2.502   0.883
 1.251914860   0.056  -1.580  -2.487   1.636   2.543   0.907
 1.251922970   0.107  -1.531  -2.476   1.638   2.583   0.945
 1.251931070   0.163  -1.475  -2.460   1.638   2.623   0.985
 1.251938220   0.192  -1.444  -2.452   1.636   2.644   1.008
 1.251940250   0.235  -1.398  -2.436   1.633   2.671   1.038
 1.251942280   0.245  -1.388  -2.433   1.633   2.678   1.045
 1.251942520   0.092  -1.546  -2.482   1.638   2.574   0.936
 1.251942630   0.056  -1.580  -2.489   1.636   2.545   0.909
 1.251942630   0.056  -1.580  -2.488   1.636   2.544   0.908
 1.251942750   0.090  -1.548  -2.482   1.638   2.572   0.934
 1.251943230   0.132  -1.506  -2.471   1.638   2.603   0.965
 1.251943590   0.170  -1.467  -2.460   1.637   2.630   0.993
 1.251944180   0.210  -1.425  -2.446   1.635   2.656   1.021
 1.251944660   0.252  -1.379  -2.430   1.631   2.682   1.051
 1.251945380   0.296  -1.330  -2.412   1.626   2.708   1.082
 1.251946210   0.343  -1.277  -2.390   1.620   2.733   1.113
 1.251947880   0.453  -1.154  -2.323   1.607   2.776   1.169
 1.251949430   0.437  -1.172  -2.334   1.609   2.771   1.162
 1.251949550   0.412  -1.199  -2.351   1.611   2.763   1.152
