 0.100000000  16.127  14.426  13.236   1.701   2.891   1.190
 0.120000000  14.982  13.396  12.324   1.586   2.658   1.072
 0.140000000  14.288  12.759  11.743   1.529   2.545   1.016
 0.160000000  13.780  12.286  11.303   1.494   2.477   0.983
 0.200000000  13.022  11.596  10.650   1.426   2.372   0.946
 0.250000000  12.349  10.985  10.065   1.364   2.284   0.920
 0.300000010  11.855  10.532   9.627   1.323   2.228   0.905
 0.349999990  11.464  10.158   9.269   1.306   2.195   0.889
 0.389534620  11.199   9.905   9.028   1.294   2.171   0.877
 0.400000010  11.133   9.842   8.968   1.291   2.165   0.874
 0.426544870  10.934   9.651   8.788   1.283   2.146   0.863
 0.449999990  10.765   9.490   8.635   1.275   2.130   0.855
 0.500000000  10.369   9.111   8.280   1.258   2.089   0.831
 0.550000010   9.946   8.707   7.903   1.239   2.043   0.804
 0.600000020   9.501   8.284   7.512   1.217   1.989   0.772
 0.622985780   9.271   8.071   7.318   1.200   1.953   0.753
 0.649999980   9.005   7.831   7.102   1.174   1.903   0.729
 0.675344410   8.724   7.580   6.878   1.144   1.846   0.702
 0.699999990   8.455   7.340   6.665   1.115   1.790   0.675
 0.733735320   8.041   6.982   6.356   1.059   1.685   0.626
 0.750000000   7.844   6.811   6.208   1.033   1.636   0.603
 0.766413450   7.643   6.638   6.060   1.005   1.583   0.578
 0.792933640   7.328   6.367   5.827   0.961   1.501   0.540
 0.800000010   7.245   6.296   5.765   0.949   1.480   0.531
 0.808026370   7.151   6.215   5.695   0.936   1.456   0.520
 0.830508770   6.899   6.000   5.506   0.899   1.393   0.494
 0.850000020   6.687   5.818   5.345   0.869   1.342   0.473
 0.867568310   6.497   5.655   5.199   0.842   1.298   0.456
 0.887573300   6.287   5.475   5.037   0.812   1.250   0.438
 0.899999980   6.159   5.366   4.938   0.793   1.221   0.428
 0.910254300   6.054   5.276   4.855   0.778   1.199   0.421
 0.929618540   5.856   5.105   4.697   0.751   1.159   0.408
 0.947546480   5.674   4.946   4.549   0.728   1.125   0.397
 0.949999990   5.650   4.924   4.529   0.726   1.121   0.395
 0.961214780   5.539   4.826   4.437   0.713   1.102   0.389
 0.979511320   5.364   4.669   4.288   0.695   1.076   0.381
 0.996912720   5.205   4.522   4.148   0.683   1.057   0.374
 1.000000000   5.177   4.496   4.122   0.681   1.055   0.374
 1.002889040   5.150   4.471   4.099   0.679   1.051   0.372
 1.015401360   5.025   4.355   3.986   0.670   1.039   0.369
 1.027047160   4.909   4.243   3.877   0.666   1.032   0.366
 1.036305070   4.817   4.153   3.788   0.664   1.029   0.365
 1.045994880   4.723   4.057   3.691   0.666   1.032   0.366
 1.049999950   4.685   4.018   3.651   0.667   1.034   0.367
 1.053243400   4.654   3.985   3.617   0.669   1.037   0.368
 1.057886840   4.612   3.938   3.568   0.674   1.044   0.370
 1.066869850   4.542   3.851   3.474   0.691   1.068   0.377
 1.075816270   4.522   3.791   3.396   0.731   1.126   0.395
 1.080478310   4.580   3.804   3.388   0.776   1.192   0.416
 1.083714600   4.686   3.856   3.414   0.830   1.272   0.442
 1.086003660   4.794   3.914   3.447   0.880   1.347   0.467
 1.088202950   4.853   3.926   3.435   0.927   1.418   0.491
 1.090174670   4.832   3.874   3.364   0.958   1.468   0.510
 1.090719820   4.814   3.849   3.336   0.965   1.478   0.513
 1.091661210   4.765   3.791   3.272   0.974   1.493   0.519
 1.093179230   4.663   3.676   3.151   0.987   1.512   0.525
 1.094634410   4.541   3.545   3.015   0.996   1.526   0.530
 1.095678930   4.441   3.439   2.907   1.002   1.534   0.532
 1.096573110   4.349   3.341   2.807   1.008   1.542   0.534
 1.097421770   4.254   3.240   2.703   1.014   1.551   0.537
 1.098224880   4.158   3.138   2.599   1.020   1.559   0.539
 1.098970530   4.063   3.036   2.494   1.027   1.569   0.542
 1.099618080   3.974   2.940   2.396   1.034   1.578   0.544
 1.100000020   3.919   2.881   2.335   1.038   1.584   0.546
 1.100424890   3.855   2.811   2.263   1.044   1.592   0.548
 1.101146820   3.736   2.682   2.130   1.054   1.606   0.552
 1.101751450   3.627   2.563   2.007   1.064   1.620   0.556
 1.102199670   3.541   2.468   1.908   1.073   1.633   0.560
 1.102718590   3.434   2.350   1.785   1.084   1.649   0.565
 1.103170040   3.334   2.239   1.668   1.095   1.666   0.571
 1.103599430   3.230   2.122   1.545   1.108   1.685   0.577
 1.103975530   3.130   2.010   1.427   1.120   1.703   0.583
 1.104307530   3.036   1.903   1.314   1.133   1.722   0.589
 1.104626180   2.938   1.792   1.196   1.146   1.742   0.596
 1.104911330   2.845   1.686   1.083   1.159   1.762   0.603
 1.105187300   2.753   1.581   0.972   1.172   1.781   0.609
 1.105555650   2.661   1.475   0.859   1.186   1.802   0.616
 1.105606320   2.657   1.470   0.854   1.187   1.803   0.616
 1.105874300   2.730   1.557   0.949   1.173   1.781   0.608
 1.105993270   2.791   1.630   1.027   1.161   1.764   0.603
 1.106040720   2.768   1.604   0.999   1.164   1.769   0.605
 1.106263040   2.679   1.500   0.889   1.179   1.790   0.611
 1.106478100   2.590   1.398   0.779   1.192   1.811   0.619
 1.106677170   2.507   1.299   0.673   1.208   1.834   0.626
 1.106863140   2.426   1.203   0.569   1.223   1.857   0.634
 1.107031580   2.348   1.110   0.467   1.238   1.881   0.643
 1.107186200   2.271   1.016   0.365   1.255   1.906   0.651
 1.107328770   2.194   0.924   0.263   1.270   1.931   0.661
 1.107456450   2.121   0.834   0.165   1.287   1.956   0.669
 1.107577440   2.045   0.742   0.064   1.303   1.981   0.678
 1.107684250   1.975   0.655  -0.031   1.320   2.006   0.686
 1.107783560   1.903   0.566  -0.129   1.337   2.032   0.695
 1.107873320   1.841   0.486  -0.220   1.355   2.061   0.706
 1.107956410   1.782   0.409  -0.309   1.373   2.091   0.718
 1.108032580   1.722   0.331  -0.398   1.391   2.120   0.729
 1.108100890   1.668   0.259  -0.482   1.409   2.150   0.741
 1.108164790   1.612   0.184  -0.568   1.428   2.180   0.752
 1.108223800   1.558   0.110  -0.654   1.448   2.212   0.764
 1.108277080   1.507   0.039  -0.737   1.468   2.244   0.776
 1.108326790   1.455  -0.033  -0.821   1.488   2.276   0.788
 1.108371500   1.414  -0.091  -0.892   1.505   2.306   0.801
 1.108412980   1.378  -0.140  -0.956   1.518   2.334   0.816
 1.108452080   1.340  -0.193  -1.023   1.533   2.363   0.830
 1.108487370   1.308  -0.240  -1.085   1.548   2.393   0.845
 1.108519430   1.278  -0.284  -1.145   1.562   2.423   0.861
 1.108549710   1.245  -0.332  -1.208   1.577   2.453   0.876
 1.108577250   1.218  -0.374  -1.266   1.592   2.484   0.892
 1.108602170   1.204  -0.402  -1.312   1.606   2.516   0.910
 1.108626250   1.229  -0.382  -1.324   1.611   2.553   0.942
 1.108648180   1.258  -0.357  -1.330   1.615   2.588   0.973
 1.108673330   1.299  -0.317  -1.331   1.616   2.630   1.014
 1.108695980   1.343  -0.272  -1.326   1.615   2.669   1.054
 1.108717440   1.383  -0.229  -1.323   1.612   2.706   1.094
 1.108736630   1.440  -0.165  -1.304   1.605   2.744   1.139
 1.108754400   1.556  -0.038  -1.236   1.594   2.792   1.198
 1.108770970   1.673   0.090  -1.166   1.583   2.839   1.256
 1.108786460   1.792   0.220  -1.095   1.572   2.887   1.315
 1.108800650   1.915   0.355  -1.020   1.560   2.935   1.375
 1.108813880   2.040   0.493  -0.941   1.547   2.981   1.434
 1.108826160   2.199   0.655  -0.843   1.544   3.042   1.498
 1.108837370   2.375   0.833  -0.732   1.542   3.107   1.565
 1.108847980   2.551   1.009  -0.622   1.542   3.173   1.631
 1.108857630   2.734   1.193  -0.505   1.541   3.239   1.698
 1.108867050   2.918   1.378  -0.388   1.540   3.306   1.766
 1.108875990   3.056   1.508  -0.330   1.548   3.386   1.838
 1.108884100   3.174   1.612  -0.301   1.562   3.475   1.913
 1.108892200   3.291   1.717  -0.271   1.574   3.562   1.988
 1.108895180   3.329   1.750  -0.262   1.579   3.591   2.012
 1.108895180   2.179   1.014   0.423   1.165   1.756   0.591
 1.109006520   2.162   0.993   0.400   1.169   1.762   0.593
 1.109121800   2.154   0.985   0.391   1.169   1.763   0.594
 1.109237790   2.153   0.985   0.392   1.168   1.761   0.593
 1.109355690   2.155   0.988   0.396   1.167   1.759   0.592
 1.109475020   2.157   0.993   0.402   1.164   1.755   0.591
 1.109590530   2.159   0.997   0.407   1.162   1.752   0.590
 1.109708430   2.161   1.001   0.413   1.160   1.748   0.588
 1.109826090   2.162   1.005   0.418   1.157   1.744   0.587
 1.109940050   2.164   1.008   0.422   1.156   1.742   0.586
 1.110059620   2.165   1.012   0.427   1.153   1.738   0.585
 1.110175730   2.166   1.014   0.430   1.152   1.736   0.584
 1.110287310   2.166   1.016   0.433   1.150   1.733   0.583
 1.110409500   2.167   1.018   0.435   1.149   1.732   0.583
 1.110489250   2.167   1.019   0.437   1.148   1.730   0.582
 1.110531330   2.167   1.019   0.437   1.148   1.730   0.582
 1.110647320   2.167   1.020   0.439   1.147   1.728   0.581
 1.110761880   2.166   1.021   0.440   1.145   1.726   0.581
 1.110876560   2.166   1.021   0.441   1.145   1.725   0.580
 1.110997560   2.164   1.020   0.441   1.144   1.723   0.579
 1.111115570   2.163   1.019   0.440   1.144   1.723   0.579
 1.111232760   2.161   1.017   0.438   1.144   1.723   0.579
 1.111326580   2.159   1.015   0.436   1.144   1.723   0.579
 1.111347560   2.158   1.014   0.435   1.144   1.723   0.579
 1.111474280   2.155   1.010   0.431   1.145   1.724   0.579
 1.111598130   2.150   1.005   0.426   1.145   1.724   0.579
 1.111721160   2.145   0.999   0.418   1.146   1.727   0.581
 1.111846920   2.139   0.991   0.409   1.148   1.730   0.582
 1.111967680   2.131   0.981   0.398   1.150   1.733   0.583
 1.112093810   2.121   0.968   0.384   1.153   1.737   0.584
 1.112216350   2.110   0.953   0.368   1.157   1.742   0.585
 1.112337350   2.096   0.935   0.347   1.161   1.749   0.588
 1.112459780   2.077   0.911   0.320   1.166   1.757   0.591
 1.112581970   2.092   0.931   0.344   1.161   1.748   0.587
 1.112707020   2.049   0.875   0.280   1.174   1.769   0.595
 1.112803100   1.992   0.799   0.195   1.193   1.797   0.604
 1.112854000   1.934   0.723   0.109   1.211   1.825   0.614
 1.112881420   1.876   0.646   0.023   1.230   1.853   0.623
 1.112896200   1.821   0.572  -0.062   1.249   1.883   0.634
 1.112903950   1.767   0.500  -0.145   1.267   1.912   0.645
 1.112908480   1.712   0.426  -0.229   1.286   1.941   0.655
 1.112911340   1.658   0.354  -0.313   1.304   1.971   0.667
 1.112913250   1.612   0.291  -0.384   1.321   1.996   0.675
 1.112913250   1.611   0.290  -0.386   1.321   1.997   0.676
 1.112913490   1.603   0.278  -0.399   1.325   2.002   0.677
 1.112915160   1.553   0.212  -0.475   1.341   2.028   0.687
 1.112916830   1.507   0.150  -0.545   1.357   2.052   0.695
 1.112918380   1.490   0.126  -0.573   1.364   2.063   0.699
 1.112920640   1.483   0.116  -0.585   1.367   2.068   0.701
 1.112924810   1.499   0.139  -0.557   1.360   2.056   0.696
 1.112928390   1.530   0.181  -0.510   1.349   2.040   0.691
 1.112936970   1.542   0.198  -0.491   1.344   2.033   0.689
 1.112999680   1.543   0.199  -0.489   1.344   2.032   0.688
 1.113056660   1.495   0.133  -0.564   1.362   2.059   0.697
 1.113105890   1.450   0.067  -0.644   1.383   2.094   0.711
 1.113147260   1.404  -0.001  -0.726   1.405   2.130   0.725
 1.113182430   1.357  -0.069  -0.809   1.426   2.166   0.740
 1.113211990   1.313  -0.136  -0.889   1.449   2.202   0.753
 1.113237380   1.270  -0.201  -0.968   1.471   2.238   0.767
 1.113259550   1.227  -0.265  -1.046   1.492   2.273   0.781
 1.113279220   1.189  -0.325  -1.121   1.514   2.310   0.796
 1.113296990   1.161  -0.369  -1.181   1.530   2.342   0.812
 1.113313320   1.134  -0.412  -1.240   1.546   2.374   0.828
 1.113328700   1.109  -0.453  -1.299   1.562   2.408   0.846
 1.113343240   1.087  -0.492  -1.355   1.579   2.442   0.863
 1.113357070   1.064  -0.532  -1.414   1.596   2.478   0.882
 1.113369940   1.043  -0.570  -1.471   1.613   2.514   0.901
 1.113381740   1.069  -0.551  -1.483   1.620   2.552   0.932
 1.113392830   1.116  -0.507  -1.477   1.623   2.593   0.970
 1.113401530   1.166  -0.457  -1.468   1.623   2.634   1.011
 1.113407370   1.221  -0.399  -1.454   1.620   2.675   1.055
 1.113411900   1.274  -0.340  -1.437   1.614   2.711   1.097
 1.113415840   1.346  -0.260  -1.404   1.606   2.750   1.144
 1.113419530   1.474  -0.120  -1.324   1.594   2.798   1.204
 1.113422990   1.609   0.026  -1.239   1.583   2.848   1.265
 1.113426570   1.747   0.177  -1.152   1.570   2.899   1.329
 1.113429900   1.878   0.321  -1.067   1.557   2.945   1.388
 1.113433360   2.014   0.469  -0.978   1.545   2.992   1.447
 1.113437180   2.186   0.642  -0.868   1.544   3.054   1.510
 1.113441110   2.347   0.805  -0.766   1.542   3.113   1.571
 1.113445040   2.416   0.873  -0.722   1.543   3.138   1.595
 1.113445880   2.503   0.962  -0.665   1.541   3.168   1.627
 1.113446350   2.853   1.313  -0.437   1.540   3.290   1.750
 1.113446590   3.001   1.459  -0.352   1.542   3.353   1.811
 1.113446950   3.123   1.567  -0.316   1.556   3.439   1.883
 1.113447550   3.205   1.640  -0.292   1.565   3.497   1.932
 1.113448020   3.111   1.556  -0.322   1.555   3.433   1.878
 1.113448020   3.108   1.554  -0.323   1.554   3.431   1.877
