 0.100000000  16.024  14.314  13.145   1.710   2.879   1.169
 0.120000000  14.840  13.252  12.204   1.588   2.636   1.048
 0.140000000  14.152  12.621  11.624   1.531   2.528   0.997
 0.160000000  13.646  12.153  11.189   1.493   2.457   0.964
 0.200000000  12.904  11.493  10.561   1.411   2.343   0.932
 0.250000000  12.237  10.887   9.980   1.350   2.257   0.907
 0.267308920  12.055  10.714   9.815   1.341   2.240   0.899
 0.300000010  11.746  10.422   9.535   1.324   2.211   0.887
 0.349999990  11.348  10.044   9.172   1.304   2.176   0.872
 0.399102030  11.017   9.728   8.871   1.289   2.146   0.857
 0.400000010  11.011   9.722   8.866   1.289   2.145   0.856
 0.449999990  10.643   9.373   8.536   1.270   2.107   0.837
 0.548252520   9.876   8.646   7.858   1.230   2.018   0.788
 0.512498740  10.164   8.918   8.110   1.246   2.054   0.808
 0.550000010   9.866   8.637   7.849   1.229   2.017   0.788
 0.551556230   9.849   8.621   7.834   1.228   2.015   0.787
 0.579824630   9.595   8.381   7.613   1.214   1.982   0.768
 0.600000020   9.425   8.223   7.467   1.202   1.958   0.756
 0.616189300   9.263   8.078   7.336   1.185   1.927   0.742
 0.649999980   8.935   7.784   7.072   1.151   1.863   0.712
 0.686083610   8.552   7.444   6.771   1.108   1.781   0.673
 0.699999990   8.410   7.320   6.662   1.090   1.748   0.658
 0.734360990   8.007   6.973   6.364   1.034   1.643   0.609
 0.750000000   7.829   6.820   6.233   1.009   1.596   0.587
 0.800000010   7.278   6.349   5.830   0.929   1.448   0.519
 0.814294990   7.130   6.223   5.720   0.907   1.410   0.503
 0.850000020   6.777   5.925   5.459   0.852   1.318   0.466
 0.864703240   6.637   5.806   5.354   0.831   1.283   0.452
 0.899999980   6.315   5.537   5.113   0.778   1.202   0.424
 0.938142420   5.980   5.256   4.859   0.724   1.121   0.397
 0.949999990   5.879   5.171   4.781   0.708   1.098   0.390
 0.969942390   5.716   5.032   4.654   0.684   1.062   0.378
 0.988451240   5.566   4.904   4.536   0.662   1.030   0.368
 1.000000000   5.473   4.825   4.463   0.648   1.010   0.362
 1.013354060   5.367   4.733   4.378   0.634   0.989   0.355
 1.031777620   5.222   4.607   4.261   0.615   0.961   0.346
 1.049005150   5.090   4.492   4.153   0.598   0.937   0.339
 1.049999950   5.083   4.485   4.147   0.598   0.936   0.338
 1.062548520   4.989   4.402   4.069   0.587   0.920   0.333
 1.078907730   4.868   4.295   3.968   0.573   0.900   0.327
 1.094398380   4.755   4.194   3.872   0.561   0.883   0.322
 1.100000020   4.715   4.158   3.838   0.557   0.877   0.320
 1.100324870   4.713   4.156   3.836   0.557   0.877   0.320
 1.115036010   4.611   4.063   3.747   0.548   0.864   0.316
 1.129004960   4.520   3.979   3.667   0.541   0.853   0.312
 1.141549710   4.441   3.906   3.596   0.535   0.845   0.310
 1.149999980   4.386   3.854   3.546   0.532   0.840   0.308
 1.151659130   4.376   3.845   3.537   0.531   0.839   0.308
 1.171116950   4.268   3.739   3.432   0.529   0.836   0.307
 1.187148210   4.195   3.664   3.356   0.531   0.839   0.308
 1.192052960   4.148   3.620   3.314   0.528   0.834   0.306
 1.195078020   4.108   3.585   3.280   0.523   0.828   0.305
 1.197285060   4.060   3.543   3.242   0.517   0.818   0.301
 1.199057580   4.007   3.498   3.200   0.509   0.807   0.298
 1.199514510   3.985   3.478   3.182   0.507   0.803   0.296
 1.200000050   3.981   3.475   3.178   0.506   0.803   0.297
 1.224860550   3.803   3.297   3.000   0.506   0.803   0.297
 1.248611450   3.654   3.136   2.834   0.518   0.820   0.302
 1.250000000   3.646   3.126   2.824   0.520   0.822   0.302
 1.268552300   3.564   3.020   2.706   0.544   0.858   0.314
 1.284610270   3.560   2.965   2.628   0.595   0.932   0.337
 1.293465730   3.682   3.019   2.652   0.663   1.030   0.367
 1.297678470   3.821   3.102   2.710   0.719   1.111   0.392
 1.299999950   3.936   3.177   2.767   0.759   1.169   0.410
 1.300573710   3.966   3.196   2.782   0.770   1.184   0.414
 1.305634020   4.194   3.335   2.878   0.859   1.316   0.457
 1.310563330   4.198   3.286   2.804   0.912   1.394   0.482
 1.313841940   4.102   3.171   2.681   0.931   1.421   0.490
 1.316648840   3.997   3.054   2.558   0.943   1.439   0.496
 1.319336530   3.881   2.929   2.428   0.952   1.453   0.501
 1.321820380   3.762   2.800   2.294   0.962   1.468   0.506
 1.323933360   3.650   2.679   2.169   0.971   1.481   0.510
 1.325902940   3.535   2.555   2.041   0.980   1.494   0.514
 1.327627420   3.425   2.436   1.918   0.989   1.507   0.518
 1.329163910   3.319   2.320   1.797   0.999   1.522   0.523
 1.330524330   3.217   2.207   1.680   1.010   1.537   0.527
 1.331719280   3.120   2.099   1.567   1.021   1.553   0.532
 1.332845090   3.019   1.987   1.450   1.032   1.569   0.537
 1.333799720   2.926   1.882   1.340   1.044   1.586   0.542
 1.334685680   2.832   1.776   1.229   1.056   1.603   0.547
 1.335499170   2.740   1.671   1.119   1.069   1.621   0.552
 1.336215850   2.656   1.575   1.017   1.081   1.639   0.558
 1.336883430   2.573   1.480   0.916   1.093   1.657   0.564
 1.337509270   2.491   1.387   0.817   1.104   1.674   0.570
 1.338140130   2.418   1.304   0.728   1.114   1.690   0.576
 1.338902120   2.349   1.225   0.644   1.124   1.705   0.581
 1.339233880   2.379   1.261   0.683   1.118   1.696   0.578
 1.339694260   2.438   1.330   0.759   1.108   1.679   0.571
 1.339723110   2.442   1.336   0.765   1.106   1.677   0.571
 1.340217230   2.362   1.243   0.666   1.119   1.696   0.577
 1.340732460   2.277   1.144   0.559   1.133   1.718   0.585
 1.341200710   2.196   1.049   0.458   1.147   1.738   0.591
 1.341648580   2.114   0.953   0.355   1.161   1.759   0.598
 1.342053650   2.034   0.859   0.254   1.175   1.780   0.605
 1.342421650   1.957   0.766   0.154   1.191   1.803   0.612
 1.342768790   1.880   0.674   0.055   1.206   1.825   0.619
 1.343087910   1.808   0.587  -0.042   1.221   1.850   0.629
 1.343378780   1.737   0.501  -0.136   1.236   1.873   0.637
 1.343647480   1.666   0.414  -0.231   1.252   1.897   0.645
 1.343891260   1.598   0.330  -0.325   1.268   1.923   0.655
 1.344116210   1.530   0.246  -0.418   1.284   1.948   0.664
 1.344322560   1.464   0.162  -0.510   1.302   1.974   0.672
 1.344510790   1.399   0.080  -0.601   1.319   2.000   0.681
 1.344689370   1.333  -0.003  -0.693   1.336   2.026   0.690
 1.344849820   1.276  -0.077  -0.778   1.353   2.054   0.701
 1.344999790   1.222  -0.150  -0.863   1.372   2.085   0.713
 1.345138070   1.169  -0.222  -0.946   1.391   2.115   0.724
 1.345264430   1.117  -0.293  -1.028   1.410   2.145   0.735
 1.345384600   1.064  -0.365  -1.112   1.429   2.176   0.747
 1.345492240   1.015  -0.434  -1.193   1.449   2.208   0.759
 1.345591780   0.967  -0.502  -1.273   1.469   2.240   0.771
 1.345685720   0.919  -0.571  -1.354   1.490   2.273   0.783
 1.345770840   0.882  -0.624  -1.422   1.506   2.304   0.798
 1.345850710   0.847  -0.674  -1.487   1.521   2.334   0.813
 1.345924260   0.815  -0.722  -1.550   1.537   2.365   0.828
 1.345992090   0.785  -0.768  -1.611   1.553   2.396   0.843
 1.346055980   0.755  -0.815  -1.673   1.570   2.428   0.858
 1.346115710   0.727  -0.859  -1.733   1.586   2.460   0.874
 1.346170070   0.702  -0.901  -1.791   1.603   2.493   0.890
 1.346221690   0.692  -0.924  -1.835   1.616   2.527   0.911
 1.346269970   0.724  -0.896  -1.840   1.620   2.564   0.944
 1.346324920   0.767  -0.855  -1.840   1.622   2.607   0.985
 1.346375700   0.812  -0.810  -1.836   1.622   2.648   1.026
 1.346422670   0.857  -0.762  -1.828   1.619   2.685   1.066
 1.346466540   0.904  -0.709  -1.818   1.613   2.722   1.109
 1.346506710   0.987  -0.616  -1.776   1.603   2.763   1.160
 1.346543790   1.105  -0.487  -1.706   1.592   2.811   1.219
 1.346579070   1.230  -0.350  -1.630   1.580   2.860   1.280
 1.346611020   1.355  -0.213  -1.553   1.568   2.908   1.340
 1.346642140   1.490  -0.064  -1.468   1.554   2.958   1.404
 1.346670510   1.637   0.093  -1.376   1.544   3.013   1.469
 1.346696620   1.815   0.271  -1.264   1.544   3.079   1.535
 1.346722010   1.990   0.448  -1.154   1.542   3.144   1.602
 1.346731900   2.055   0.513  -1.114   1.542   3.169   1.627
 1.346731900   1.920   0.820   0.262   1.100   1.658   0.558
 1.347050430   1.898   0.793   0.233   1.105   1.665   0.560
 1.347372770   1.889   0.783   0.222   1.106   1.667   0.561
 1.347696780   1.888   0.782   0.221   1.106   1.667   0.561
 1.348024960   1.887   0.784   0.224   1.103   1.663   0.560
 1.348357320   1.888   0.785   0.227   1.103   1.661   0.558
 1.348688130   1.888   0.787   0.230   1.101   1.658   0.557
 1.349015240   1.888   0.789   0.232   1.099   1.656   0.557
 1.349347590   1.888   0.790   0.234   1.098   1.654   0.556
 1.349668030   1.887   0.791   0.236   1.096   1.651   0.555
 1.350006460   1.886   0.791   0.237   1.095   1.649   0.554
 1.350344060   1.885   0.791   0.238   1.094   1.647   0.553
 1.350661640   1.884   0.791   0.238   1.093   1.646   0.553
 1.350972650   1.882   0.791   0.238   1.091   1.644   0.553
 1.351236460   1.881   0.790   0.238   1.091   1.643   0.552
 1.351314190   1.881   0.790   0.238   1.091   1.643   0.552
 1.351645950   1.879   0.789   0.238   1.090   1.641   0.551
 1.351965790   1.877   0.787   0.237   1.090   1.640   0.550
 1.352302310   1.875   0.786   0.235   1.089   1.640   0.551
 1.352627870   1.872   0.784   0.233   1.088   1.639   0.551
 1.352956060   1.869   0.781   0.231   1.088   1.638   0.550
 1.353278520   1.866   0.778   0.228   1.088   1.638   0.550
 1.353561280   1.863   0.775   0.225   1.088   1.638   0.550
 1.353593950   1.863   0.774   0.224   1.089   1.639   0.550
 1.353910570   1.859   0.770   0.220   1.089   1.639   0.550
 1.354243520   1.854   0.765   0.214   1.089   1.640   0.551
 1.354570630   1.849   0.759   0.208   1.090   1.641   0.551
 1.354887960   1.843   0.751   0.200   1.092   1.643   0.551
 1.355209590   1.836   0.742   0.190   1.094   1.646   0.552
 1.355524660   1.828   0.732   0.179   1.096   1.649   0.553
 1.355840560   1.818   0.720   0.165   1.098   1.653   0.555
 1.356158850   1.806   0.704   0.147   1.102   1.659   0.557
 1.356503250   1.789   0.683   0.124   1.106   1.665   0.559
 1.356820700   1.771   0.660   0.098   1.111   1.673   0.562
 1.357138630   1.727   0.603   0.033   1.124   1.694   0.570
 1.357321740   1.670   0.528  -0.051   1.142   1.721   0.579
 1.357415080   1.612   0.454  -0.134   1.158   1.746   0.588
 1.357463480   1.557   0.381  -0.215   1.176   1.772   0.596
 1.357488160   1.503   0.311  -0.292   1.192   1.795   0.603
 1.357502940   1.445   0.235  -0.377   1.210   1.822   0.612
 1.357512350   1.386   0.158  -0.464   1.228   1.850   0.622
 1.357518550   1.332   0.088  -0.544   1.244   1.876   0.632
 1.357518550   1.332   0.087  -0.545   1.245   1.877   0.632
 1.357524160   1.272   0.008  -0.635   1.264   1.907   0.643
 1.357529520   1.213  -0.070  -0.723   1.283   1.936   0.653
 1.357543350   1.155  -0.148  -0.812   1.303   1.967   0.664
 1.357571240   1.225  -0.054  -0.705   1.279   1.930   0.651
 1.357674720   1.277   0.016  -0.626   1.261   1.903   0.642
 1.357934590   1.227  -0.052  -0.703   1.279   1.930   0.651
 1.358078000   1.166  -0.133  -0.796   1.299   1.962   0.663
 1.358190660   1.108  -0.211  -0.884   1.319   1.992   0.673
 1.358284710   1.050  -0.289  -0.973   1.339   2.023   0.684
 1.358364460   0.996  -0.364  -1.059   1.360   2.055   0.695
 1.358433720   0.949  -0.431  -1.140   1.380   2.089   0.709
 1.358493800   0.903  -0.498  -1.220   1.401   2.123   0.722
 1.358546730   0.858  -0.564  -1.299   1.422   2.157   0.735
 1.358594420   0.814  -0.630  -1.378   1.444   2.192   0.748
 1.358638170   0.772  -0.694  -1.455   1.466   2.227   0.761
 1.358678460   0.730  -0.757  -1.532   1.487   2.262   0.775
 1.358716370   0.690  -0.818  -1.607   1.508   2.297   0.789
 1.358751540   0.662  -0.862  -1.668   1.524   2.330   0.806
 1.358785270   0.635  -0.907  -1.729   1.542   2.364   0.822
 1.358816030   0.611  -0.947  -1.785   1.558   2.396   0.838
 1.358847020   0.588  -0.988  -1.843   1.576   2.431   0.855
 1.358878020   0.563  -1.032  -1.907   1.595   2.470   0.875
 1.358906270   0.536  -1.086  -1.987   1.622   2.523   0.901
 1.358926060   0.597  -1.029  -1.985   1.626   2.582   0.956
 1.358938460   0.653  -0.974  -1.974   1.627   2.627   1.000
 1.358949070   0.706  -0.918  -1.961   1.624   2.667   1.043
 1.358958480   0.760  -0.858  -1.943   1.618   2.703   1.085
 1.358967420   0.812  -0.799  -1.924   1.611   2.736   1.125
 1.358976010   0.916  -0.685  -1.861   1.601   2.777   1.176
 1.358984830   1.025  -0.566  -1.793   1.591   2.818   1.227
 1.358993770   1.123  -0.459  -1.732   1.582   2.855   1.273
 1.359003190   1.139  -0.441  -1.721   1.580   2.860   1.280
 1.359009620   1.282  -0.286  -1.629   1.568   2.911   1.343
 1.359010100   1.285  -0.282  -1.624   1.567   2.909   1.342
 1.359010220   1.310  -0.255  -1.608   1.565   2.918   1.353
 1.359010930   1.431  -0.123  -1.530   1.554   2.961   1.407
 1.359011290   1.516  -0.029  -1.474   1.545   2.990   1.445
 1.359011890   1.643   0.099  -1.393   1.544   3.036   1.492
 1.359012480   1.764   0.221  -1.316   1.543   3.080   1.537
 1.359013320   1.904   0.362  -1.226   1.542   3.130   1.588
 1.359014390   2.052   0.510  -1.131   1.542   3.183   1.641
 1.359016060   2.188   0.647  -1.043   1.541   3.231   1.690
 1.359018090   2.162   0.621  -1.060   1.541   3.222   1.681
 1.359018210   2.120   0.579  -1.087   1.541   3.207   1.666
