 0.100000000  15.602  13.864  12.769   1.738   2.833   1.095
 0.120000000  14.343  12.751  11.765   1.592   2.578   0.986
 0.140000000  13.623  12.128  11.184   1.495   2.439   0.944
 0.160000000  13.108  11.677  10.757   1.431   2.351   0.920
 0.200000000  12.380  11.016  10.132   1.364   2.248   0.884
 0.250000000  11.748  10.431   9.575   1.317   2.173   0.856
 0.300000010  11.276   9.991   9.156   1.285   2.120   0.835
 0.316601900  11.149   9.871   9.042   1.278   2.107   0.829
 0.349999990  10.919   9.653   8.834   1.266   2.085   0.819
 0.382949860  10.709   9.454   8.646   1.255   2.063   0.808
 0.400000010  10.607   9.358   8.555   1.249   2.052   0.803
 0.449999990  10.246   9.019   8.237   1.227   2.009   0.782
 0.500000000   9.835   8.636   7.881   1.199   1.954   0.755
 0.533445360   9.495   8.330   7.602   1.165   1.893   0.728
 0.550000010   9.328   8.180   7.465   1.148   1.863   0.715
 0.600000020   8.781   7.695   7.031   1.086   1.750   0.664
 0.600120540   8.779   7.693   7.030   1.086   1.749   0.663
 0.625082490   8.475   7.427   6.795   1.048   1.680   0.632
 0.649921240   8.177   7.165   6.566   1.012   1.611   0.599
 0.649999980   8.176   7.165   6.565   1.011   1.611   0.600
 0.672422890   7.862   6.897   6.337   0.965   1.525   0.560
 0.695096550   7.560   6.639   6.116   0.921   1.444   0.523
 0.699999990   7.495   6.584   6.068   0.911   1.427   0.516
 0.711058800   7.347   6.458   5.960   0.889   1.387   0.498
 0.729203220   7.119   6.266   5.792   0.853   1.327   0.474
 0.745772720   6.914   6.093   5.639   0.821   1.275   0.454
 0.750000000   6.861   6.049   5.600   0.812   1.261   0.449
 0.764316380   6.687   5.902   5.469   0.785   1.218   0.433
 0.780442710   6.498   5.745   5.327   0.753   1.171   0.418
 0.795392570   6.323   5.599   5.194   0.724   1.129   0.405
 0.800000010   6.270   5.553   5.153   0.717   1.117   0.400
 0.808187010   6.176   5.474   5.081   0.702   1.095   0.393
 0.823903200   5.998   5.322   4.941   0.676   1.057   0.381
 0.838487980   5.836   5.184   4.813   0.652   1.023   0.371
 0.850000020   5.709   5.073   4.711   0.636   0.998   0.362
 0.850584090   5.702   5.068   4.705   0.634   0.997   0.363
 0.865959580   5.530   4.916   4.563   0.614   0.967   0.353
 0.880409660   5.365   4.770   4.425   0.595   0.940   0.345
 0.893065090   5.218   4.638   4.300   0.580   0.918   0.338
 0.899999980   5.139   4.566   4.230   0.573   0.909   0.336
 0.909403260   5.034   4.468   4.136   0.566   0.898   0.332
 0.921465460   4.902   4.344   4.015   0.558   0.887   0.329
 0.931058650   4.789   4.236   3.910   0.553   0.879   0.326
 0.934462670   4.748   4.197   3.872   0.551   0.876   0.325
 0.939459680   4.687   4.138   3.813   0.549   0.874   0.325
 0.949999990   4.558   4.009   3.684   0.549   0.874   0.325
 0.956131820   4.482   3.931   3.604   0.551   0.878   0.327
 0.961914240   4.411   3.854   3.525   0.557   0.886   0.329
 0.965165620   4.372   3.810   3.478   0.562   0.894   0.332
 0.973465740   4.291   3.703   3.360   0.588   0.931   0.343
 0.978599610   4.285   3.658   3.298   0.627   0.987   0.360
 0.982030570   4.342   3.663   3.281   0.679   1.061   0.382
 0.984319030   4.429   3.696   3.290   0.733   1.139   0.406
 0.986410020   4.495   3.706   3.276   0.789   1.219   0.430
 0.988032280   4.494   3.669   3.222   0.825   1.272   0.447
 0.989570440   4.438   3.587   3.127   0.851   1.311   0.460
 0.990716220   4.355   3.490   3.025   0.865   1.330   0.465
 0.991945800   4.245   3.368   2.897   0.877   1.348   0.471
 0.992825630   4.153   3.269   2.795   0.884   1.358   0.474
 0.993866860   4.031   3.139   2.662   0.892   1.369   0.477
 0.994799610   3.911   3.010   2.530   0.901   1.381   0.480
 0.995508670   3.812   2.905   2.421   0.907   1.391   0.484
 0.996114490   3.720   2.807   2.321   0.913   1.399   0.486
 0.996694390   3.626   2.706   2.217   0.920   1.409   0.489
 0.997356530   3.511   2.584   2.091   0.927   1.420   0.493
 0.997816800   3.424   2.490   1.994   0.934   1.430   0.496
 0.998254840   3.335   2.394   1.896   0.941   1.439   0.498
 0.998774170   3.222   2.271   1.768   0.951   1.454   0.503
 0.999141340   3.136   2.176   1.670   0.960   1.466   0.506
 0.999545040   3.033   2.063   1.552   0.970   1.481   0.511
 0.999937530   2.924   1.942   1.426   0.982   1.498   0.516
 1.000000000   2.905   1.921   1.404   0.984   1.501   0.517
 1.000205760   2.844   1.852   1.332   0.992   1.512   0.520
 1.000515940   2.743   1.739   1.214   1.004   1.529   0.525
 1.000797750   2.644   1.628   1.097   1.016   1.547   0.531
 1.001054410   2.548   1.517   0.981   1.031   1.567   0.536
 1.001283650   2.457   1.415   0.873   1.042   1.584   0.542
 1.001506090   2.364   1.309   0.761   1.055   1.603   0.548
 1.001715300   2.274   1.207   0.652   1.067   1.622   0.555
 1.001947160   2.186   1.105   0.544   1.081   1.642   0.561
 1.002077460   2.161   1.077   0.514   1.084   1.647   0.563
 1.002259370   2.213   1.140   0.583   1.073   1.630   0.557
 1.002359750   2.276   1.214   0.663   1.062   1.613   0.551
 1.002391220   2.261   1.198   0.646   1.063   1.615   0.552
 1.002551080   2.173   1.096   0.537   1.077   1.636   0.559
 1.002705690   2.090   0.999   0.433   1.091   1.657   0.566
 1.002853390   2.005   0.900   0.327   1.105   1.678   0.573
 1.002988700   1.922   0.803   0.223   1.119   1.699   0.580
 1.003110770   1.843   0.709   0.122   1.134   1.721   0.587
 1.003226160   1.762   0.612   0.019   1.150   1.743   0.593
 1.003328920   1.684   0.519  -0.080   1.165   1.764   0.599
 1.003426190   1.610   0.430  -0.178   1.180   1.788   0.608
 1.003515360   1.540   0.344  -0.273   1.196   1.813   0.617
 1.003596540   1.468   0.257  -0.369   1.211   1.837   0.626
 1.003670570   1.401   0.172  -0.462   1.229   1.863   0.634
 1.003738520   1.334   0.089  -0.555   1.245   1.889   0.644
 1.003801580   1.267   0.005  -0.647   1.262   1.914   0.652
 1.003858570   1.203  -0.077  -0.737   1.280   1.940   0.660
 1.003913160   1.135  -0.162  -0.831   1.297   1.966   0.669
 1.003961560   1.077  -0.238  -0.917   1.315   1.994   0.679
 1.004007340   1.021  -0.313  -1.003   1.334   2.024   0.690
 1.004049180   0.968  -0.385  -1.086   1.353   2.054   0.701
 1.004087570   0.918  -0.455  -1.169   1.373   2.087   0.714
 1.004124280   0.864  -0.529  -1.255   1.393   2.119   0.726
 1.004156470   0.818  -0.596  -1.334   1.414   2.152   0.738
 1.004186870   0.770  -0.665  -1.415   1.435   2.185   0.750
 1.004215240   0.721  -0.734  -1.496   1.455   2.217   0.762
 1.004241110   0.679  -0.797  -1.572   1.476   2.251   0.775
 1.004265550   0.645  -0.850  -1.639   1.495   2.284   0.789
 1.004287840   0.615  -0.899  -1.704   1.514   2.319   0.805
 1.004308460   0.586  -0.947  -1.768   1.533   2.354   0.821
 1.004328370   0.556  -0.997  -1.834   1.553   2.390   0.837
 1.004350660   0.525  -1.053  -1.910   1.578   2.435   0.857
 1.004371170   0.496  -1.106  -1.985   1.602   2.481   0.879
 1.004389880   0.478  -1.147  -2.049   1.625   2.527   0.902
 1.004407290   0.520  -1.109  -2.049   1.629   2.569   0.940
 1.004423260   0.563  -1.068  -2.047   1.631   2.610   0.979
 1.004437920   0.607  -1.023  -2.042   1.630   2.649   1.019
 1.004451270   0.656  -0.971  -2.029   1.627   2.685   1.058
 1.004463790   0.703  -0.918  -2.016   1.621   2.719   1.098
 1.004475360   0.764  -0.848  -1.989   1.612   2.753   1.141
 1.004486080   0.879  -0.722  -1.919   1.601   2.798   1.197
 1.004496100   0.996  -0.592  -1.845   1.588   2.841   1.253
 1.004505630   1.113  -0.463  -1.773   1.576   2.886   1.310
 1.004514340   1.237  -0.326  -1.693   1.563   2.930   1.367
 1.004522800   1.355  -0.196  -1.619   1.551   2.974   1.423
 1.004531380   1.492  -0.052  -1.533   1.544   3.025   1.481
 1.004531380   1.793   0.795   0.281   0.998   1.512   0.514
 1.004625200   1.775   0.772   0.255   1.003   1.520   0.517
 1.004714010   1.768   0.763   0.246   1.005   1.522   0.517
 1.004804730   1.765   0.761   0.244   1.004   1.521   0.517
 1.004896760   1.763   0.761   0.246   1.002   1.517   0.515
 1.004988550   1.763   0.764   0.249   0.999   1.514   0.515
 1.005081650   1.764   0.767   0.254   0.997   1.510   0.513
 1.005174880   1.764   0.770   0.258   0.994   1.506   0.512
 1.005267260   1.765   0.774   0.263   0.991   1.502   0.511
 1.005363700   1.765   0.777   0.267   0.988   1.498   0.510
 1.005460500   1.765   0.779   0.270   0.986   1.495   0.509
 1.005549670   1.765   0.780   0.272   0.985   1.493   0.508
 1.005639200   1.764   0.781   0.274   0.983   1.490   0.507
 1.005725980   1.763   0.782   0.276   0.981   1.487   0.506
 1.005819680   1.763   0.783   0.277   0.980   1.486   0.506
 1.005908730   1.761   0.783   0.278   0.978   1.483   0.505
 1.005996940   1.760   0.783   0.278   0.977   1.482   0.505
 1.006086470   1.759   0.782   0.278   0.977   1.481   0.504
 1.006177310   1.757   0.782   0.278   0.975   1.479   0.504
 1.006271120   1.755   0.780   0.276   0.975   1.479   0.504
 1.006358620   1.753   0.778   0.274   0.975   1.479   0.504
 1.006452080   1.750   0.775   0.271   0.975   1.479   0.504
 1.006491660   1.749   0.773   0.270   0.976   1.479   0.503
 1.006542920   1.747   0.771   0.267   0.976   1.480   0.504
 1.006641390   1.743   0.766   0.262   0.977   1.481   0.504
 1.006738660   1.739   0.760   0.255   0.979   1.484   0.505
 1.006832720   1.734   0.753   0.247   0.981   1.487   0.506
 1.006929520   1.728   0.745   0.238   0.983   1.490   0.507
 1.007022860   1.721   0.735   0.227   0.986   1.494   0.508
 1.007117030   1.714   0.726   0.217   0.988   1.497   0.509
 1.007212160   1.702   0.710   0.198   0.992   1.504   0.512
 1.007307650   1.686   0.688   0.174   0.998   1.512   0.514
 1.007401820   1.668   0.661   0.145   1.007   1.523   0.516
 1.007499100   1.635   0.617   0.095   1.018   1.540   0.522
 1.007564430   1.581   0.542   0.012   1.039   1.569   0.530
 1.007597330   1.517   0.455  -0.086   1.062   1.603   0.541
 1.007612350   1.457   0.374  -0.178   1.083   1.635   0.552
 1.007619860   1.396   0.292  -0.269   1.104   1.665   0.561
 1.007623790   1.336   0.212  -0.359   1.124   1.695   0.571
 1.007626180   1.277   0.134  -0.447   1.143   1.724   0.581
 1.007627250   1.243   0.088  -0.498   1.155   1.741   0.586
 1.007627840   1.220   0.056  -0.534   1.164   1.754   0.590
 1.007629280   1.165  -0.017  -0.615   1.182   1.780   0.598
 1.007630710   1.118  -0.080  -0.688   1.198   1.806   0.608
 1.007632260   1.078  -0.135  -0.751   1.213   1.829   0.616
 1.007633810   1.054  -0.169  -0.789   1.223   1.843   0.620
 1.007637380   1.066  -0.151  -0.768   1.217   1.834   0.617
 1.007639530   1.093  -0.113  -0.725   1.206   1.818   0.612
 1.007645010   1.119  -0.078  -0.684   1.197   1.803   0.606
 1.007688520   1.145  -0.043  -0.645   1.188   1.790   0.602
 1.007732750   1.116  -0.085  -0.693   1.201   1.809   0.608
 1.007771020   1.064  -0.155  -0.775   1.219   1.839   0.620
 1.007806300   1.009  -0.231  -0.862   1.240   1.871   0.631
 1.007836580   0.953  -0.308  -0.949   1.261   1.902   0.641
 1.007862450   0.898  -0.383  -1.036   1.281   1.934   0.653
 1.007885220   0.842  -0.460  -1.123   1.302   1.965   0.663
 1.007905130   0.788  -0.536  -1.211   1.324   1.999   0.675
 1.007922890   0.743  -0.604  -1.293   1.347   2.036   0.689
 1.007938860   0.699  -0.672  -1.376   1.371   2.075   0.704
 1.007953520   0.656  -0.740  -1.458   1.396   2.114   0.718
 1.007967230   0.612  -0.808  -1.541   1.420   2.153   0.733
 1.007980110   0.569  -0.876  -1.624   1.445   2.193   0.748
 1.007992150   0.527  -0.943  -1.706   1.470   2.233   0.763
 1.008003830   0.490  -1.004  -1.783   1.494   2.273   0.779
 1.008014800   0.464  -1.054  -1.853   1.518   2.317   0.799
 1.008024930   0.441  -1.100  -1.918   1.541   2.359   0.818
 1.008034110   0.419  -1.147  -1.986   1.566   2.405   0.839
 1.008040900   0.397  -1.195  -2.057   1.592   2.454   0.862
 1.008045670   0.379  -1.240  -2.125   1.619   2.504   0.885
 1.008049850   0.396  -1.240  -2.156   1.636   2.552   0.916
 1.008053540   0.455  -1.182  -2.142   1.637   2.597   0.960
 1.008057000   0.518  -1.117  -2.123   1.635   2.641   1.006
 1.008060340   0.582  -1.049  -2.099   1.631   2.681   1.050
 1.008063910   0.641  -0.983  -2.075   1.624   2.716   1.092
 1.008067370   0.689  -0.927  -2.054   1.616   2.743   1.127
 1.008070230   1.054  -0.528  -1.815   1.582   2.869   1.287
 1.008070830   1.208  -0.359  -1.712   1.567   2.920   1.353
 1.008071300   1.325  -0.230  -1.634   1.555   2.959   1.404
 1.008071660   1.422  -0.123  -1.569   1.545   2.991   1.446
 1.008072380   1.531  -0.013  -1.499   1.544   3.030   1.486
 1.008072730   1.442  -0.103  -1.557   1.545   2.999   1.454
 1.008072730   1.435  -0.109  -1.561   1.544   2.996   1.452
