 0.100000000  14.372  12.815  11.868   1.557   2.504   0.947
 0.120000000  13.116  11.798  10.967   1.318   2.149   0.831
 0.140000000  12.531  11.283  10.497   1.248   2.034   0.786
 0.160000000  12.127  10.915  10.154   1.212   1.973   0.761
 0.200000000  11.534  10.368   9.641   1.166   1.893   0.727
 0.250000000  10.994   9.864   9.165   1.130   1.829   0.699
 0.300000010  10.568   9.465   8.787   1.103   1.781   0.678
 0.386695360   9.942   8.877   8.228   1.065   1.714   0.649
 0.376908120  10.008   8.940   8.288   1.068   1.720   0.652
 0.400000010   9.873   8.815   8.171   1.058   1.702   0.644
 0.449999990   9.476   8.449   7.831   1.027   1.645   0.618
 0.459405810   9.373   8.357   7.747   1.016   1.626   0.610
 0.469240870   9.269   8.264   7.662   1.005   1.607   0.602
 0.473260250   9.223   8.223   7.625   1.000   1.598   0.598
 0.475804210   9.193   8.195   7.600   0.998   1.593   0.595
 0.477299240   9.174   8.179   7.584   0.995   1.590   0.595
 0.500000000   9.010   8.031   7.450   0.979   1.560   0.581
 0.550000010   8.455   7.543   7.013   0.912   1.442   0.530
 0.600000020   7.869   7.038   6.563   0.831   1.306   0.475
 0.649999980   7.304   6.569   6.144   0.735   1.160   0.425
 0.699999990   6.771   6.141   5.761   0.630   1.010   0.380
 0.707670090   6.696   6.079   5.706   0.617   0.990   0.373
 0.750000000   6.309   5.761   5.417   0.548   0.892   0.344
 0.765743080   6.173   5.647   5.313   0.526   0.860   0.334
 0.800000010   5.895   5.410   5.095   0.485   0.800   0.315
 0.850000020   5.512   5.077   4.787   0.435   0.725   0.290
 0.865366880   5.401   4.978   4.696   0.423   0.705   0.282
 0.899999980   5.154   4.759   4.493   0.395   0.661   0.266
 0.934174600   4.920   4.551   4.301   0.369   0.619   0.250
 0.949999990   4.814   4.457   4.214   0.357   0.600   0.243
 0.952986420   4.794   4.439   4.198   0.355   0.596   0.241
 0.991004170   4.545   4.217   3.994   0.328   0.551   0.223
 1.000000000   4.487   4.165   3.947   0.322   0.540   0.218
 1.027294640   4.313   4.011   3.807   0.302   0.506   0.204
 1.049999950   4.171   3.884   3.693   0.287   0.478   0.191
 1.061449650   4.100   3.822   3.638   0.278   0.462   0.184
 1.098258260   3.875   3.624   3.464   0.251   0.411   0.160
 1.100000020   3.864   3.615   3.456   0.249   0.408   0.159
 1.122921590   3.728   3.498   3.355   0.230   0.373   0.143
 1.149999980   3.569   3.361   3.238   0.208   0.331   0.123
 1.200000050   3.291   3.126   3.037   0.165   0.254   0.089
 1.250000000   3.034   2.910   2.852   0.124   0.182   0.058
 1.280381680   2.894   2.793   2.749   0.101   0.145   0.044
 1.299999950   2.803   2.717   2.683   0.086   0.120   0.034
 1.312881830   2.747   2.669   2.640   0.078   0.107   0.029
 1.335749860   2.652   2.587   2.565   0.065   0.087   0.022
 1.350000020   2.592   2.535   2.516   0.057   0.076   0.019
 1.364326950   2.533   2.483   2.468   0.050   0.065   0.015
 1.399999980   2.384   2.350   2.344   0.034   0.040   0.006
 1.421887400   2.297   2.272   2.269   0.025   0.028   0.003
 1.450000050   2.182   2.166   2.167   0.016   0.015  -0.001
 1.467672940   2.106   2.095   2.098   0.011   0.008  -0.003
 1.487901570   2.017   2.010   2.014   0.007   0.003  -0.004
 1.500000000   1.962   1.957   1.962   0.005   0.000  -0.005
 1.511732700   1.908   1.905   1.911   0.003  -0.003  -0.006
 1.530809280   1.816   1.814   1.820   0.002  -0.004  -0.006
 1.549999950   1.717   1.716   1.720   0.001  -0.003  -0.004
 1.561959980   1.654   1.652   1.656   0.002  -0.002  -0.004
 1.580466630   1.550   1.545   1.547   0.005   0.003  -0.002
 1.597817540   1.440   1.432   1.430   0.008   0.010   0.002
 1.600000020   1.426   1.417   1.415   0.009   0.011   0.002
 1.613954660   1.336   1.322   1.317   0.014   0.019   0.005
 1.629831790   1.229   1.207   1.196   0.022   0.033   0.011
 1.638134120   1.170   1.146   1.133   0.024   0.037   0.013
 1.643839720   1.129   1.116   1.110   0.013   0.019   0.006
 1.646222110   1.116   1.116   1.116   0.000   0.000   0.000
 1.647060040   1.113   1.125   1.131  -0.012  -0.018  -0.006
 1.647460340   1.105   1.130   1.141  -0.025  -0.036  -0.011
 1.647675400   1.095   1.128   1.143  -0.033  -0.048  -0.015
 1.647790190   1.086   1.124   1.141  -0.038  -0.055  -0.017
 1.647852060   1.102   1.137   1.152  -0.035  -0.050  -0.015
 1.647925260   1.100   1.125   1.137  -0.025  -0.037  -0.012
 1.648018600   1.037   1.052   1.058  -0.015  -0.021  -0.006
 1.648153660   0.945   0.950   0.950  -0.005  -0.005   0.000
 1.648334620   0.873   0.865   0.858   0.008   0.015   0.007
 1.648570780   0.820   0.797   0.782   0.023   0.038   0.015
 1.648866770   0.778   0.739   0.715   0.039   0.063   0.024
 1.649212360   0.753   0.695   0.659   0.058   0.094   0.036
 1.649582980   0.734   0.656   0.607   0.078   0.127   0.049
 1.649950620   0.739   0.633   0.565   0.106   0.174   0.068
 1.649999980   0.740   0.630   0.559   0.110   0.181   0.071
 1.650309210   0.747   0.612   0.525   0.135   0.222   0.087
 1.650629280   0.775   0.609   0.499   0.166   0.276   0.110
 1.650915740   0.807   0.607   0.476   0.200   0.331   0.131
 1.651170250   0.847   0.618   0.462   0.229   0.385   0.156
 1.651396270   0.889   0.630   0.451   0.259   0.438   0.179
 1.651598220   0.938   0.647   0.445   0.291   0.493   0.202
 1.651780840   0.989   0.666   0.441   0.323   0.548   0.225
 1.651955010   1.045   0.689   0.442   0.356   0.603   0.247
 1.652141330   1.105   0.716   0.447   0.389   0.658   0.269
 1.652365920   1.178   0.752   0.462   0.426   0.716   0.290
 1.652641180   1.270   0.807   0.496   0.463   0.774   0.311
 1.652880190   1.364   0.869   0.542   0.495   0.822   0.327
 1.653129700   1.473   0.946   0.605   0.527   0.868   0.341
 1.653461810   1.605   1.041   0.681   0.564   0.924   0.360
 1.653627750   1.644   1.062   0.694   0.582   0.950   0.368
 1.653875590   1.651   1.046   0.669   0.605   0.982   0.377
 1.654287820   1.591   0.961   0.574   0.630   1.017   0.387
 1.654699210   1.505   0.858   0.465   0.647   1.040   0.393
 1.655109640   1.411   0.751   0.352   0.660   1.059   0.399
 1.655519130   1.315   0.644   0.240   0.671   1.075   0.404
 1.655927660   1.219   0.538   0.130   0.681   1.089   0.408
 1.656335350   1.125   0.434   0.021   0.691   1.104   0.413
 1.656660910   1.050   0.351  -0.065   0.699   1.115   0.416
 1.656742690   1.031   0.330  -0.087   0.701   1.118   0.417
 1.657151580   0.940   0.227  -0.194   0.713   1.134   0.421
 1.657545920   0.853   0.130  -0.295   0.723   1.148   0.425
 1.658030390   0.750   0.014  -0.417   0.736   1.167   0.431
 1.658435700   0.666  -0.081  -0.516   0.747   1.182   0.435
 1.658885720   0.574  -0.186  -0.625   0.760   1.199   0.439
 1.659351590   0.482  -0.291  -0.736   0.773   1.218   0.445
 1.659814950   0.392  -0.395  -0.845   0.787   1.237   0.450
 1.660239930   0.309  -0.491  -0.946   0.800   1.255   0.455
 1.660701630   0.222  -0.592  -1.052   0.814   1.274   0.460
 1.661197780   0.135  -0.693  -1.159   0.828   1.294   0.466
 1.661675690   0.053  -0.791  -1.263   0.844   1.316   0.472
 1.662150980  -0.031  -0.890  -1.368   0.859   1.337   0.478
 1.662652370  -0.112  -0.988  -1.472   0.876   1.360   0.484
 1.663102750  -0.157  -1.041  -1.530   0.884   1.373   0.489
 1.663378240   0.215  -0.600  -1.061   0.815   1.276   0.461
 1.663383250   0.272  -0.532  -0.989   0.804   1.261   0.457
 1.663387300   0.329  -0.465  -0.917   0.794   1.246   0.452
 1.663391470   0.386  -0.398  -0.847   0.784   1.233   0.449
 1.663397310   0.455  -0.316  -0.760   0.771   1.215   0.444
 1.663402320   0.512  -0.250  -0.690   0.762   1.202   0.440
 1.663410190   0.582  -0.168  -0.604   0.750   1.186   0.436
 1.663419490   0.653  -0.086  -0.517   0.739   1.170   0.431
 1.663430930   0.723  -0.004  -0.431   0.727   1.154   0.427
 1.663444640   0.796   0.079  -0.344   0.717   1.140   0.423
 1.663461330   0.868   0.161  -0.258   0.707   1.126   0.419
 1.663481950   0.939   0.241  -0.174   0.698   1.113   0.415
 1.663512470   1.008   0.320  -0.092   0.688   1.100   0.412
 1.663559080   1.078   0.398  -0.010   0.680   1.088   0.408
 1.663632270   1.148   0.478   0.074   0.670   1.074   0.404
 1.663760900   1.221   0.561   0.161   0.660   1.060   0.400
 1.664031860   1.296   0.649   0.255   0.647   1.041   0.394
 1.665108440   1.372   0.748   0.363   0.624   1.009   0.385
 1.665501710   1.380   0.758   0.375   0.622   1.005   0.383
 1.670550580   1.305   0.703   0.328   0.602   0.977   0.375
 1.683388590   1.148   0.556   0.185   0.592   0.963   0.371
 1.694554570   0.996   0.413   0.046   0.583   0.950   0.367
 1.700000050   0.919   0.340  -0.025   0.579   0.944   0.365
 1.705746890   0.835   0.260  -0.104   0.575   0.939   0.364
 1.715708850   0.686   0.118  -0.243   0.568   0.929   0.361
 1.725224970   0.548  -0.015  -0.373   0.563   0.921   0.358
 1.734441880   0.421  -0.139  -0.496   0.560   0.917   0.357
 1.741964100   0.328  -0.232  -0.590   0.560   0.918   0.358
 1.745005010   0.298  -0.265  -0.624   0.563   0.922   0.359
 1.750000000   0.257  -0.315  -0.677   0.572   0.934   0.362
 1.758198380   0.236  -0.370  -0.747   0.606   0.983   0.377
 1.760674480   0.320  -0.339  -0.739   0.659   1.059   0.400
 1.761191490   0.307  -0.394  -0.811   0.701   1.118   0.417
 1.761247870   0.286  -0.428  -0.850   0.714   1.136   0.422
 1.761279230   0.248  -0.477  -0.904   0.725   1.152   0.427
 1.761313920   0.169  -0.578  -1.012   0.747   1.181   0.434
 1.761339550   0.096  -0.667  -1.107   0.763   1.203   0.440
 1.761414650   0.051  -0.720  -1.163   0.771   1.214   0.443
 1.761604910   0.115  -0.640  -1.078   0.755   1.193   0.438
 1.762720820   0.063  -0.706  -1.150   0.769   1.213   0.444
 1.763113020  -0.015  -0.800  -1.250   0.785   1.235   0.450
 1.763500330  -0.095  -0.897  -1.353   0.802   1.258   0.456
 1.763826730  -0.174  -0.994  -1.456   0.820   1.282   0.462
 1.764110570  -0.251  -1.087  -1.556   0.836   1.305   0.469
 1.764360670  -0.324  -1.179  -1.655   0.855   1.331   0.476
 1.764582400  -0.400  -1.271  -1.755   0.871   1.355   0.484
 1.764778490  -0.471  -1.362  -1.853   0.891   1.382   0.491
 1.764954920  -0.544  -1.454  -1.952   0.910   1.408   0.498
 1.765110850  -0.615  -1.544  -2.050   0.929   1.435   0.506
 1.765255450  -0.684  -1.634  -2.147   0.950   1.463   0.513
 1.765390750  -0.755  -1.724  -2.244   0.969   1.489   0.520
 1.765518780  -0.822  -1.811  -2.340   0.989   1.518   0.529
 1.765640620  -0.889  -1.897  -2.433   1.008   1.544   0.536
 1.765758040  -0.951  -1.980  -2.526   1.029   1.575   0.546
 1.765873310  -1.012  -2.064  -2.618   1.052   1.606   0.554
 1.765988830  -1.074  -2.147  -2.711   1.073   1.637   0.564
 1.766105180  -1.133  -2.230  -2.803   1.097   1.670   0.573
