 0.100000000  14.370  12.813  11.867   1.557   2.503   0.946
 0.120000000  13.114  11.797  10.966   1.317   2.148   0.831
 0.140000000  12.528  11.281  10.495   1.247   2.033   0.786
 0.160000000  12.123  10.911  10.151   1.212   1.972   0.760
 0.200000000  11.522  10.357   9.631   1.165   1.891   0.726
 0.250000000  10.965   9.835   9.137   1.130   1.828   0.698
 0.300000010  10.538   9.435   8.757   1.103   1.781   0.678
 0.398005280   9.854   8.794   8.149   1.060   1.705   0.645
 0.386018280   9.927   8.863   8.215   1.064   1.712   0.648
 0.400000010   9.842   8.782   8.138   1.060   1.704   0.644
 0.409172060   9.765   8.713   8.073   1.052   1.692   0.640
 0.449999990   9.453   8.427   7.809   1.026   1.644   0.618
 0.459585430   9.346   8.332   7.723   1.014   1.623   0.609
 0.464257000   9.290   8.281   7.677   1.009   1.613   0.604
 0.467140850   9.252   8.248   7.647   1.004   1.605   0.601
 0.468807340   9.229   8.227   7.628   1.002   1.601   0.599
 0.496075750   9.016   8.035   7.452   0.981   1.564   0.583
 0.500000000   8.983   8.005   7.425   0.978   1.558   0.580
 0.504691900   8.926   7.955   7.381   0.971   1.545   0.574
 0.550000010   8.418   7.508   6.980   0.910   1.438   0.528
 0.597821710   7.845   7.017   6.544   0.828   1.301   0.473
 0.600000020   7.822   6.997   6.526   0.825   1.296   0.471
 0.648272990   7.260   6.532   6.110   0.728   1.150   0.422
 0.649999980   7.242   6.516   6.096   0.726   1.146   0.420
 0.695539120   6.743   6.115   5.736   0.628   1.007   0.379
 0.699999990   6.696   6.077   5.702   0.619   0.994   0.375
 0.713527440   6.565   5.969   5.604   0.596   0.961   0.365
 0.750000000   6.221   5.685   5.345   0.536   0.876   0.340
 0.763326530   6.101   5.584   5.252   0.517   0.849   0.332
 0.800000010   5.791   5.315   5.004   0.476   0.787   0.311
 0.829403640   5.549   5.104   4.809   0.445   0.740   0.295
 0.850000020   5.384   4.958   4.673   0.426   0.711   0.285
 0.862876060   5.283   4.868   4.590   0.415   0.693   0.278
 0.899999980   4.996   4.612   4.352   0.384   0.644   0.260
 0.902621390   4.976   4.594   4.335   0.382   0.641   0.259
 0.941286920   4.684   4.332   4.093   0.352   0.591   0.239
 0.949999990   4.619   4.273   4.038   0.346   0.581   0.235
 0.970800520   4.464   4.134   3.911   0.330   0.553   0.223
 1.000000000   4.246   3.939   3.731   0.307   0.515   0.208
 1.003699300   4.218   3.914   3.708   0.304   0.510   0.206
 1.029557110   4.024   3.741   3.552   0.283   0.472   0.189
 1.049999950   3.869   3.602   3.426   0.267   0.443   0.176
 1.060457110   3.791   3.533   3.365   0.258   0.426   0.168
 1.074642060   3.684   3.439   3.282   0.245   0.402   0.157
 1.087155220   3.592   3.358   3.211   0.234   0.381   0.147
 1.098542810   3.509   3.285   3.146   0.224   0.363   0.139
 1.100000020   3.498   3.276   3.138   0.222   0.360   0.138
 1.106944680   3.448   3.232   3.099   0.216   0.349   0.133
 1.149999980   3.139   2.958   2.855   0.181   0.284   0.103
 1.157873510   3.085   2.911   2.811   0.174   0.274   0.100
 1.195591810   2.835   2.682   2.597   0.153   0.238   0.085
 1.200000050   2.806   2.655   2.572   0.151   0.234   0.083
 1.224393250   2.650   2.503   2.421   0.147   0.229   0.082
 1.248014690   2.500   2.349   2.262   0.151   0.238   0.087
 1.250000000   2.488   2.335   2.249   0.153   0.239   0.086
 1.252625940   2.471   2.317   2.230   0.154   0.241   0.087
 1.273346660   2.331   2.164   2.066   0.167   0.265   0.098
 1.284642460   2.243   2.072   1.970   0.171   0.273   0.102
 1.291168090   2.161   2.003   1.910   0.158   0.251   0.093
 1.294167400   2.086   1.955   1.880   0.131   0.206   0.075
 1.295209290   2.020   1.916   1.859   0.104   0.161   0.057
 1.295680050   1.970   1.885   1.842   0.085   0.128   0.043
 1.296013710   1.899   1.835   1.804   0.064   0.095   0.031
 1.296045780   1.903   1.836   1.804   0.067   0.099   0.032
 1.296155570   1.917   1.837   1.795   0.080   0.122   0.042
 1.296283250   1.903   1.805   1.751   0.098   0.152   0.054
 1.296576620   1.857   1.726   1.650   0.131   0.207   0.076
 1.297252420   1.839   1.670   1.566   0.169   0.273   0.104
 1.298418050   1.851   1.640   1.504   0.211   0.347   0.136
 1.299607040   1.876   1.628   1.460   0.248   0.416   0.168
 1.299999950   1.887   1.625   1.446   0.262   0.441   0.179
 1.300004840   1.887   1.625   1.446   0.262   0.441   0.179
 1.300534250   1.917   1.625   1.424   0.292   0.493   0.201
 1.301004890   1.951   1.630   1.407   0.321   0.544   0.223
 1.301462170   1.992   1.638   1.394   0.354   0.598   0.244
 1.301952360   2.036   1.651   1.386   0.385   0.650   0.265
 1.302483920   2.093   1.673   1.386   0.420   0.707   0.287
 1.303057550   2.168   1.710   1.403   0.458   0.765   0.307
 1.303677080   2.270   1.773   1.446   0.497   0.824   0.327
 1.304310080   2.389   1.852   1.507   0.537   0.882   0.345
 1.305097460   2.478   1.902   1.538   0.576   0.940   0.364
 1.305880900   2.476   1.870   1.495   0.606   0.981   0.375
 1.306194540   2.455   1.842   1.463   0.613   0.992   0.379
 1.307132840   2.368   1.736   1.350   0.632   1.018   0.386
 1.307911280   2.280   1.637   1.246   0.643   1.034   0.391
 1.308738950   2.181   1.529   1.134   0.652   1.047   0.395
 1.309560180   2.082   1.422   1.023   0.660   1.059   0.399
 1.310353760   1.985   1.317   0.915   0.668   1.070   0.402
 1.311121700   1.888   1.213   0.807   0.675   1.081   0.406
 1.311853530   1.792   1.109   0.700   0.683   1.092   0.409
 1.312596440   1.694   1.002   0.590   0.692   1.104   0.412
 1.313292620   1.603   0.902   0.486   0.701   1.117   0.416
 1.313973900   1.510   0.800   0.380   0.710   1.130   0.420
 1.314636110   1.417   0.698   0.274   0.719   1.143   0.424
 1.315297960   1.322   0.593   0.166   0.729   1.156   0.427
 1.315933230   1.229   0.489   0.057   0.740   1.172   0.432
 1.316483020   1.140   0.390  -0.045   0.750   1.185   0.435
 1.316988350   1.054   0.294  -0.146   0.760   1.200   0.440
 1.317468640   0.970   0.199  -0.245   0.771   1.215   0.444
 1.317953470   0.881   0.099  -0.350   0.782   1.231   0.449
 1.318383570   0.801   0.006  -0.447   0.795   1.248   0.453
 1.318838600   0.716  -0.090  -0.547   0.806   1.263   0.457
 1.319257860   0.641  -0.177  -0.639   0.818   1.280   0.462
 1.319794060   0.574  -0.254  -0.720   0.828   1.294   0.466
 1.319934370   0.587  -0.237  -0.702   0.824   1.289   0.465
 1.320217130   0.659  -0.153  -0.613   0.812   1.272   0.460
 1.320389870   0.725  -0.075  -0.530   0.800   1.255   0.455
 1.320449710   0.709  -0.093  -0.549   0.802   1.258   0.456
 1.320773720   0.627  -0.188  -0.649   0.815   1.276   0.461
 1.321107750   0.545  -0.283  -0.749   0.828   1.294   0.466
 1.321422340   0.465  -0.376  -0.848   0.841   1.313   0.472
 1.321721080   0.386  -0.469  -0.946   0.855   1.332   0.477
 1.321997760   0.308  -0.560  -1.042   0.868   1.350   0.482
 1.322258950   0.233  -0.650  -1.139   0.883   1.372   0.489
 1.322502730   0.158  -0.741  -1.235   0.899   1.393   0.494
 1.322730060   0.086  -0.829  -1.329   0.915   1.415   0.500
 1.322943090   0.013  -0.918  -1.424   0.931   1.437   0.506
 1.323142290  -0.057  -1.005  -1.518   0.948   1.461   0.513
 1.323328730  -0.129  -1.093  -1.613   0.964   1.484   0.520
 1.323501470  -0.197  -1.178  -1.704   0.981   1.507   0.526
 1.323662400  -0.264  -1.261  -1.794   0.997   1.530   0.533
 1.323813080  -0.328  -1.342  -1.882   1.014   1.554   0.540
 1.323955420  -0.394  -1.424  -1.971   1.030   1.577   0.547
 1.324118260  -0.471  -1.524  -2.080   1.053   1.609   0.556
 1.324267270  -0.544  -1.621  -2.187   1.077   1.643   0.566
 1.324405790  -0.618  -1.719  -2.295   1.101   1.677   0.576
 1.324532630  -0.689  -1.816  -2.402   1.127   1.713   0.586
 1.324648380  -0.755  -1.908  -2.505   1.153   1.750   0.597
 1.324756620  -0.819  -1.996  -2.605   1.177   1.786   0.609
 1.324858190  -0.885  -2.086  -2.706   1.201   1.821   0.620
 1.324949260  -0.943  -2.170  -2.802   1.227   1.859   0.632
 1.325035450  -1.001  -2.255  -2.899   1.254   1.898   0.644
 1.325115920  -1.056  -2.338  -2.996   1.282   1.940   0.658
 1.325190660  -1.110  -2.421  -3.091   1.311   1.981   0.670
 1.325259330  -1.159  -2.500  -3.184   1.341   2.025   0.684
 1.325325010  -1.201  -2.572  -3.272   1.371   2.071   0.700
 1.325399990  -1.248  -2.655  -3.373   1.407   2.125   0.718
 1.325399990   0.826   0.176  -0.219   0.650   1.045   0.395
 1.325840950   0.815   0.159  -0.239   0.656   1.054   0.398
 1.326289650   0.806   0.148  -0.252   0.658   1.058   0.400
 1.326739910   0.795   0.137  -0.263   0.658   1.058   0.400
 1.327199340   0.784   0.126  -0.273   0.658   1.057   0.399
 1.327610850   0.774   0.117  -0.281   0.657   1.055   0.398
 1.328018780   0.763   0.109  -0.289   0.654   1.052   0.398
 1.328426960   0.753   0.100  -0.297   0.653   1.050   0.397
 1.328876730   0.741   0.090  -0.306   0.651   1.047   0.396
 1.329309580   0.730   0.081  -0.315   0.649   1.045   0.396
 1.329723600   0.720   0.072  -0.324   0.648   1.044   0.396
 1.330156680   0.708   0.062  -0.333   0.646   1.041   0.395
 1.330585840   0.698   0.053  -0.341   0.645   1.039   0.394
 1.331043120   0.686   0.042  -0.351   0.644   1.037   0.393
 1.331495760   0.675   0.033  -0.360   0.642   1.035   0.393
 1.331809280   0.667   0.026  -0.366   0.641   1.033   0.392
 1.331909300   0.665   0.024  -0.368   0.641   1.033   0.392
 1.332362410   0.654   0.014  -0.378   0.640   1.032   0.392
 1.332793710   0.644   0.005  -0.386   0.639   1.030   0.391
 1.333244090   0.634  -0.004  -0.395   0.638   1.029   0.391
 1.333674310   0.625  -0.012  -0.403   0.637   1.028   0.391
 1.334096310   0.616  -0.021  -0.411   0.637   1.027   0.390
 1.334521170   0.608  -0.029  -0.420   0.637   1.028   0.391
 1.334903840   0.600  -0.037  -0.427   0.637   1.027   0.390
 1.334934830   0.600  -0.037  -0.428   0.637   1.028   0.391
 1.335358140   0.592  -0.045  -0.436   0.637   1.028   0.391
 1.335760000   0.586  -0.053  -0.444   0.639   1.030   0.391
 1.336194400   0.579  -0.061  -0.452   0.640   1.031   0.391
 1.336600180   0.573  -0.068  -0.461   0.641   1.034   0.393
 1.337012530   0.567  -0.077  -0.470   0.644   1.037   0.393
 1.337421300   0.562  -0.085  -0.479   0.647   1.041   0.394
 1.337827680   0.556  -0.093  -0.489   0.649   1.045   0.396
 1.338229890   0.550  -0.102  -0.500   0.652   1.050   0.398
 1.338630800   0.544  -0.107  -0.504   0.651   1.048   0.397
 1.339044810   0.539  -0.120  -0.520   0.659   1.059   0.400
 1.339457040   0.530  -0.142  -0.548   0.672   1.078   0.406
 1.339862110   0.502  -0.197  -0.613   0.699   1.115   0.416
 1.340034840   0.454  -0.270  -0.697   0.724   1.151   0.427
 1.340086580   0.397  -0.352  -0.787   0.749   1.184   0.435
 1.340104220   0.336  -0.433  -0.876   0.769   1.212   0.443
 1.340106960   0.320  -0.453  -0.898   0.773   1.218   0.445
 1.340107080   0.319  -0.454  -0.899   0.773   1.218   0.445
 1.340113280   0.267  -0.520  -0.970   0.787   1.237   0.450
 1.340120790   0.195  -0.609  -1.066   0.804   1.261   0.457
 1.340131280   0.101  -0.726  -1.191   0.827   1.292   0.465
 1.340157630   0.112  -0.709  -1.173   0.821   1.285   0.464
 1.340351460   0.159  -0.653  -1.113   0.812   1.272   0.460
 1.340504050   0.074  -0.760  -1.229   0.834   1.303   0.469
 1.340590480   0.010  -0.842  -1.318   0.852   1.328   0.476
 1.340694430  -0.065  -0.937  -1.421   0.872   1.356   0.484
 1.340786930  -0.132  -1.023  -1.514   0.891   1.382   0.491
 1.340871690  -0.199  -1.110  -1.608   0.911   1.409   0.498
 1.340949890  -0.268  -1.198  -1.704   0.930   1.436   0.506
 1.341021060  -0.336  -1.287  -1.800   0.951   1.464   0.513
 1.341085910  -0.406  -1.378  -1.900   0.972   1.494   0.522
 1.341143010  -0.473  -1.466  -1.996   0.993   1.523   0.530
 1.341194630  -0.539  -1.551  -2.089   1.012   1.550   0.538
 1.341241840  -0.600  -1.634  -2.181   1.034   1.581   0.547
 1.341285710  -0.661  -1.717  -2.273   1.056   1.612   0.556
 1.341326950  -0.722  -1.800  -2.366   1.078   1.644   0.566
 1.341364380  -0.782  -1.884  -2.460   1.102   1.678   0.576
 1.341398950  -0.839  -1.965  -2.551   1.126   1.712   0.586
 1.341433290  -0.895  -2.046  -2.641   1.151   1.746   0.595
 1.341467020  -0.948  -2.122  -2.728   1.174   1.780   0.606
 1.341500880  -0.999  -2.197  -2.814   1.198   1.815   0.617
 1.341535210  -1.049  -2.271  -2.900   1.222   1.851   0.629
 1.341568830  -1.099  -2.348  -2.989   1.249   1.890   0.641
 1.341597680  -1.150  -2.430  -3.086   1.280   1.936   0.656
 1.341616990  -1.198  -2.510  -3.180   1.312   1.982   0.670
 1.341636900  -1.250  -2.599  -3.286   1.349   2.036   0.687
 1.341650840  -1.284  -2.663  -3.365   1.379   2.081   0.702
 1.341665630  -1.316  -2.724  -3.441   1.408   2.125   0.717
 1.341676120  -1.380  -2.850  -3.600   1.470   2.220   0.750
 1.341678140  -1.405  -2.902  -3.665   1.497   2.260   0.763
 1.341680880  -1.426  -2.953  -3.731   1.527   2.305   0.778
 1.341682310  -1.411  -2.916  -3.683   1.505   2.272   0.767
