 0.100000000  15.612  13.873  12.777   1.739   2.835   1.096
 0.120000000  14.353  12.759  11.773   1.594   2.580   0.986
 0.140000000  13.637  12.139  11.194   1.498   2.443   0.945
 0.160000000  13.127  11.694  10.773   1.433   2.354   0.921
 0.200000000  12.410  11.045  10.160   1.365   2.250   0.885
 0.250000000  11.779  10.461   9.605   1.318   2.174   0.856
 0.300000010  11.297  10.011   9.176   1.286   2.121   0.835
 0.325318810  11.104   9.829   9.002   1.275   2.102   0.827
 0.349999990  10.935   9.668   8.849   1.267   2.086   0.819
 0.370574680  10.799   9.539   8.727   1.260   2.072   0.812
 0.400000010  10.621   9.371   8.567   1.250   2.054   0.804
 0.449999990  10.266   9.037   8.254   1.229   2.012   0.783
 0.500000000   9.864   8.663   7.906   1.201   1.958   0.757
 0.550000010   9.382   8.228   7.509   1.154   1.873   0.719
 0.600000020   8.857   7.763   7.092   1.094   1.765   0.671
 0.607843940   8.763   7.681   7.020   1.082   1.743   0.661
 0.640360710   8.393   7.356   6.734   1.037   1.659   0.622
 0.649999980   8.285   7.262   6.651   1.023   1.634   0.611
 0.690319000   7.765   6.817   6.271   0.948   1.494   0.546
 0.699999990   7.646   6.716   6.184   0.930   1.462   0.532
 0.720343410   7.391   6.499   5.998   0.892   1.393   0.501
 0.747567120   7.075   6.234   5.766   0.841   1.309   0.468
 0.750000000   7.047   6.210   5.746   0.837   1.301   0.464
 0.764457940   6.884   6.073   5.625   0.811   1.259   0.448
 0.789553050   6.611   5.846   5.422   0.765   1.189   0.424
 0.800000010   6.500   5.755   5.340   0.745   1.160   0.415
 0.816116030   6.334   5.615   5.214   0.719   1.120   0.401
 0.839444280   6.096   5.417   5.034   0.679   1.062   0.383
 0.850000020   5.993   5.330   4.955   0.663   1.038   0.375
 0.863371970   5.865   5.222   4.855   0.643   1.010   0.367
 0.887956860   5.631   5.021   4.670   0.610   0.961   0.351
 0.899999980   5.517   4.923   4.578   0.594   0.939   0.345
 0.919950250   5.330   4.759   4.426   0.571   0.904   0.333
 0.941287340   5.134   4.585   4.260   0.549   0.874   0.325
 0.949999990   5.054   4.513   4.192   0.541   0.862   0.321
 0.950231370   5.052   4.511   4.191   0.541   0.861   0.320
 0.969783600   4.869   4.346   4.033   0.523   0.836   0.313
 0.987230420   4.709   4.198   3.891   0.511   0.818   0.307
 1.000000000   4.598   4.094   3.790   0.504   0.808   0.304
 1.006157990   4.545   4.044   3.742   0.501   0.803   0.302
 1.019243720   4.422   3.928   3.629   0.494   0.793   0.299
 1.030098920   4.317   3.827   3.530   0.490   0.787   0.297
 1.032432560   4.294   3.805   3.508   0.489   0.786   0.297
 1.040318490   4.216   3.729   3.432   0.487   0.784   0.297
 1.049999950   4.118   3.632   3.335   0.486   0.783   0.297
 1.053630830   4.082   3.595   3.298   0.487   0.784   0.297
 1.063782220   3.978   3.488   3.189   0.490   0.789   0.299
 1.068774580   3.928   3.433   3.133   0.495   0.795   0.300
 1.073096510   3.886   3.386   3.083   0.500   0.803   0.303
 1.082806470   3.801   3.280   2.967   0.521   0.834   0.313
 1.089894890   3.772   3.218   2.890   0.554   0.882   0.328
 1.094378710   3.816   3.217   2.869   0.599   0.947   0.348
 1.097171430   3.909   3.259   2.890   0.650   1.019   0.369
 1.099169370   4.019   3.320   2.930   0.699   1.089   0.390
 1.100000020   4.066   3.345   2.945   0.721   1.121   0.400
 1.101027130   4.125   3.375   2.962   0.750   1.163   0.413
 1.103144290   4.176   3.377   2.943   0.799   1.233   0.434
 1.105052350   4.144   3.316   2.867   0.828   1.277   0.449
 1.105579970   4.124   3.289   2.838   0.835   1.286   0.451
 1.106753950   4.065   3.218   2.761   0.847   1.304   0.457
 1.108247040   3.970   3.110   2.648   0.860   1.322   0.462
 1.109765170   3.854   2.983   2.516   0.871   1.338   0.467
 1.110990410   3.748   2.868   2.398   0.880   1.350   0.470
 1.112213250   3.631   2.743   2.269   0.888   1.362   0.474
 1.113085390   3.541   2.646   2.170   0.895   1.371   0.476
 1.113902090   3.452   2.549   2.070   0.903   1.382   0.479
 1.114839670   3.341   2.430   1.947   0.911   1.394   0.483
 1.115711810   3.229   2.309   1.821   0.920   1.408   0.488
 1.116489530   3.120   2.191   1.699   0.929   1.421   0.492
 1.117187620   3.014   2.075   1.578   0.939   1.436   0.497
 1.117804170   2.912   1.962   1.461   0.950   1.451   0.501
 1.118365410   2.812   1.851   1.345   0.961   1.467   0.506
 1.118886590   2.710   1.737   1.225   0.973   1.485   0.512
 1.119329210   2.616   1.631   1.114   0.985   1.502   0.517
 1.119750980   2.519   1.521   0.999   0.998   1.520   0.522
 1.120138650   2.423   1.412   0.885   1.011   1.538   0.527
 1.120484950   2.331   1.306   0.774   1.025   1.557   0.532
 1.120802880   2.241   1.203   0.665   1.038   1.576   0.538
 1.121103170   2.153   1.102   0.558   1.051   1.595   0.544
 1.121379140   2.070   1.006   0.455   1.064   1.615   0.551
 1.121669410   1.988   0.912   0.354   1.076   1.634   0.558
 1.121933820   1.941   0.858   0.296   1.083   1.645   0.562
 1.122123000   1.975   0.900   0.343   1.075   1.632   0.557
 1.122277020   2.048   0.987   0.437   1.061   1.611   0.550
 1.122327690   2.070   1.012   0.464   1.058   1.606   0.548
 1.122491360   2.009   0.941   0.388   1.068   1.621   0.553
 1.122716550   1.926   0.844   0.285   1.082   1.641   0.559
 1.122928980   1.845   0.749   0.183   1.096   1.662   0.566
 1.123126150   1.765   0.655   0.082   1.110   1.683   0.573
 1.123309610   1.686   0.561  -0.019   1.125   1.705   0.580
 1.123479130   1.608   0.468  -0.119   1.140   1.727   0.587
 1.123636010   1.530   0.375  -0.218   1.155   1.748   0.593
 1.123779180   1.456   0.286  -0.315   1.170   1.771   0.601
 1.123911260   1.386   0.201  -0.409   1.185   1.795   0.610
 1.124033090   1.318   0.116  -0.502   1.202   1.820   0.618
 1.124146580   1.250   0.032  -0.596   1.218   1.846   0.628
 1.124248620   1.185  -0.050  -0.686   1.235   1.871   0.636
 1.124343510   1.120  -0.132  -0.777   1.252   1.897   0.645
 1.124432800   1.054  -0.215  -0.868   1.269   1.922   0.653
 1.124512790   0.992  -0.294  -0.956   1.286   1.948   0.662
 1.124588610   0.928  -0.375  -1.046   1.303   1.974   0.671
 1.124657630   0.872  -0.450  -1.131   1.322   2.003   0.681
 1.124721050   0.820  -0.521  -1.213   1.341   2.033   0.692
 1.124781010   0.768  -0.593  -1.297   1.361   2.065   0.704
 1.124834660   0.721  -0.660  -1.377   1.381   2.098   0.717
 1.124885680   0.671  -0.730  -1.459   1.401   2.130   0.729
 1.124932410   0.624  -0.798  -1.539   1.422   2.163   0.741
 1.124975680   0.577  -0.865  -1.618   1.442   2.195   0.753
 1.125016930   0.530  -0.934  -1.698   1.464   2.228   0.764
 1.125053520   0.492  -0.991  -1.769   1.483   2.261   0.778
 1.125088570   0.459  -1.042  -1.835   1.501   2.294   0.793
 1.125121590   0.430  -1.091  -1.900   1.521   2.330   0.809
 1.125158670   0.397  -1.148  -1.977   1.545   2.374   0.829
 1.125186680   0.370  -1.195  -2.039   1.565   2.409   0.844
 1.125213270   0.342  -1.242  -2.102   1.584   2.444   0.860
 1.125243070   0.316  -1.293  -2.174   1.609   2.490   0.881
 1.125269890   0.314  -1.314  -2.222   1.628   2.536   0.908
 1.125295400   0.355  -1.276  -2.222   1.631   2.577   0.946
 1.125319240   0.396  -1.236  -2.220   1.632   2.616   0.984
 1.125340940   0.441  -1.190  -2.213   1.631   2.654   1.023
 1.125360850   0.488  -1.140  -2.202   1.628   2.690   1.062
 1.125379440   0.536  -1.085  -2.187   1.621   2.723   1.102
 1.125396850   0.603  -1.009  -2.154   1.612   2.757   1.145
 1.125412940   0.717  -0.883  -2.084   1.600   2.801   1.201
 1.125428320   0.833  -0.755  -2.013   1.588   2.846   1.258
 1.125442150   0.952  -0.624  -1.937   1.576   2.889   1.313
 1.125457640   1.074  -0.489  -1.860   1.563   2.934   1.371
 1.125457640   1.711   0.717   0.204   0.994   1.507   0.513
 1.125617150   1.691   0.692   0.177   0.999   1.514   0.515
 1.125784990   1.682   0.681   0.165   1.001   1.517   0.516
 1.125955820   1.679   0.679   0.163   1.000   1.516   0.516
 1.126114010   1.677   0.679   0.165   0.998   1.512   0.514
 1.126269820   1.677   0.681   0.167   0.996   1.510   0.514
 1.126427650   1.676   0.682   0.170   0.994   1.506   0.512
 1.126585360   1.675   0.684   0.172   0.991   1.503   0.512
 1.126742360   1.674   0.685   0.175   0.989   1.499   0.510
 1.126904370   1.673   0.686   0.176   0.987   1.497   0.510
 1.127070670   1.672   0.686   0.177   0.986   1.495   0.509
 1.127237680   1.670   0.686   0.178   0.984   1.492   0.508
 1.127394320   1.669   0.686   0.179   0.983   1.490   0.507
 1.127556090   1.667   0.686   0.179   0.981   1.488   0.507
 1.127626420   1.666   0.685   0.179   0.981   1.487   0.506
 1.127714630   1.665   0.685   0.179   0.980   1.486   0.506
 1.127885340   1.663   0.684   0.178   0.979   1.485   0.506
 1.128045920   1.660   0.682   0.177   0.978   1.483   0.505
 1.128204820   1.658   0.680   0.175   0.978   1.483   0.505
 1.128372550   1.655   0.678   0.173   0.977   1.482   0.505
 1.128530860   1.652   0.675   0.170   0.977   1.482   0.505
 1.128698110   1.648   0.671   0.166   0.977   1.482   0.505
 1.128756760   1.647   0.670   0.165   0.977   1.482   0.505
 1.128857140   1.644   0.667   0.162   0.977   1.482   0.505
 1.129002450   1.640   0.662   0.157   0.978   1.483   0.505
 1.129146460   1.636   0.656   0.151   0.980   1.485   0.505
 1.129292370   1.631   0.650   0.143   0.981   1.488   0.507
 1.129434590   1.625   0.642   0.135   0.983   1.490   0.507
 1.129580020   1.618   0.633   0.125   0.985   1.493   0.508
 1.129724980   1.610   0.623   0.114   0.987   1.496   0.509
 1.129869340   1.602   0.612   0.102   0.990   1.500   0.510
 1.130021100   1.590   0.596   0.084   0.994   1.506   0.512
 1.130168200   1.575   0.576   0.061   0.999   1.514   0.515
 1.130275850   1.584   0.592   0.081   0.992   1.503   0.511
 1.130419850   1.576   0.578   0.065   0.998   1.511   0.513
 1.130561950   1.551   0.544   0.026   1.007   1.525   0.518
 1.130703090   1.505   0.481  -0.044   1.024   1.549   0.525
 1.130788560   1.449   0.404  -0.129   1.045   1.578   0.533
 1.130832200   1.393   0.329  -0.213   1.064   1.606   0.542
 1.130854130   1.338   0.257  -0.294   1.081   1.632   0.551
 1.130865810   1.281   0.181  -0.379   1.100   1.660   0.560
 1.130871770   1.224   0.107  -0.462   1.117   1.686   0.569
 1.130875230   1.172   0.038  -0.539   1.134   1.711   0.577
 1.130877140   1.134  -0.012  -0.595   1.146   1.729   0.583
 1.130877140   1.133  -0.014  -0.596   1.147   1.729   0.582
 1.130877970   1.114  -0.039  -0.624   1.153   1.738   0.585
 1.130880950   1.046  -0.128  -0.723   1.174   1.769   0.595
 1.130889180   0.987  -0.206  -0.811   1.193   1.798   0.605
 1.130942700   1.084  -0.078  -0.667   1.162   1.751   0.589
 1.131005410   1.035  -0.143  -0.740   1.178   1.775   0.597
 1.131063580   0.980  -0.217  -0.824   1.197   1.804   0.607
 1.131114010   0.924  -0.292  -0.910   1.216   1.834   0.618
 1.131151080   0.872  -0.364  -0.992   1.236   1.864   0.628
 1.131175280   0.827  -0.425  -1.062   1.252   1.889   0.637
 1.131205200   0.773  -0.498  -1.145   1.271   1.918   0.647
 1.131233930   0.721  -0.569  -1.225   1.290   1.946   0.656
 1.131260870   0.668  -0.641  -1.308   1.309   1.976   0.667
 1.131286260   0.619  -0.712  -1.391   1.331   2.010   0.679
 1.131309990   0.575  -0.778  -1.471   1.353   2.046   0.693
 1.131331920   0.532  -0.845  -1.552   1.377   2.084   0.707
 1.131352070   0.488  -0.913  -1.633   1.401   2.121   0.720
 1.131370430   0.445  -0.978  -1.713   1.423   2.158   0.735
 1.131388190   0.403  -1.044  -1.793   1.447   2.196   0.749
 1.131405120   0.361  -1.110  -1.874   1.471   2.235   0.764
 1.131421090   0.327  -1.168  -1.948   1.495   2.275   0.780
 1.131437660   0.300  -1.218  -2.016   1.518   2.316   0.798
 1.131453750   0.274  -1.268  -2.087   1.542   2.361   0.819
 1.131466630   0.250  -1.320  -2.162   1.570   2.412   0.842
 1.131474730   0.228  -1.368  -2.233   1.596   2.461   0.865
 1.131481050   0.208  -1.412  -2.299   1.620   2.507   0.887
 1.131486890   0.225  -1.411  -2.328   1.636   2.553   0.917
 1.131492140   0.281  -1.356  -2.315   1.637   2.596   0.959
 1.131497260   0.343  -1.292  -2.296   1.635   2.639   1.004
 1.131501910   0.396  -1.235  -2.278   1.631   2.674   1.043
 1.131507640   0.460  -1.165  -2.253   1.625   2.713   1.088
 1.131512050   0.617  -0.990  -2.162   1.607   2.779   1.172
 1.131512520   0.739  -0.856  -2.083   1.595   2.822   1.227
 1.131513120   0.856  -0.727  -2.007   1.583   2.863   1.280
 1.131513830   0.976  -0.596  -1.927   1.572   2.903   1.331
 1.131515150   1.065  -0.498  -1.868   1.563   2.933   1.370
 1.131515500   1.701   0.159  -1.447   1.542   3.148   1.606
 1.131515500   1.644   0.101  -1.486   1.543   3.130   1.587
 1.131515500   1.514  -0.029  -1.572   1.543   3.086   1.543
 1.131515500   1.398  -0.146  -1.648   1.544   3.046   1.502
 1.131515500   1.285  -0.259  -1.721   1.544   3.006   1.462
 1.131515500   1.194  -0.356  -1.782   1.550   2.976   1.426
 1.131515500   1.118  -0.439  -1.833   1.557   2.951   1.394
 1.131515500   1.043  -0.522  -1.883   1.565   2.926   1.361
 1.131515500   0.980  -0.591  -1.925   1.571   2.905   1.334
