 0.100000000  16.129  14.428  13.238   1.701   2.891   1.190
 0.120000000  14.985  13.398  12.327   1.587   2.658   1.071
 0.140000000  14.292  12.763  11.746   1.529   2.546   1.017
 0.160000000  13.786  12.292  11.309   1.494   2.477   0.983
 0.200000000  13.031  11.604  10.658   1.427   2.373   0.946
 0.250000000  12.360  10.995  10.075   1.365   2.285   0.920
 0.300000010  11.862  10.538   9.633   1.324   2.229   0.905
 0.344827060  11.507  10.199   9.309   1.308   2.198   0.890
 0.349999990  11.468  10.162   9.273   1.306   2.195   0.889
 0.400000010  11.137   9.846   8.971   1.291   2.166   0.875
 0.448633940  10.780   9.504   8.649   1.276   2.131   0.855
 0.449999990  10.771   9.495   8.640   1.276   2.131   0.855
 0.500000000  10.376   9.118   8.287   1.258   2.089   0.831
 0.505408760  10.330   9.073   8.245   1.257   2.085   0.828
 0.550000010   9.959   8.719   7.915   1.240   2.044   0.804
 0.600000020   9.518   8.301   7.528   1.217   1.990   0.773
 0.603174980   9.487   8.271   7.500   1.216   1.987   0.771
 0.649921420   9.030   7.854   7.123   1.176   1.907   0.731
 0.649999980   9.029   7.853   7.122   1.176   1.907   0.731
 0.668572130   8.827   7.673   6.961   1.154   1.866   0.712
 0.699999990   8.490   7.371   6.692   1.119   1.798   0.679
 0.721133890   8.235   7.151   6.502   1.084   1.733   0.649
 0.750000000   7.892   6.853   6.245   1.039   1.647   0.608
 0.762122630   7.743   6.725   6.135   1.018   1.608   0.590
 0.793941140   7.373   6.408   5.862   0.965   1.511   0.546
 0.800000010   7.304   6.348   5.811   0.956   1.493   0.537
 0.809686240   7.193   6.252   5.728   0.941   1.465   0.524
 0.835580770   6.910   6.011   5.517   0.899   1.393   0.494
 0.850000020   6.757   5.880   5.402   0.877   1.355   0.478
 0.874217630   6.503   5.663   5.208   0.840   1.295   0.455
 0.896198450   6.281   5.474   5.038   0.807   1.243   0.436
 0.899999980   6.243   5.442   5.009   0.801   1.234   0.433
 0.918115680   6.064   5.289   4.869   0.775   1.195   0.420
 0.939100440   5.858   5.112   4.707   0.746   1.151   0.405
 0.949999990   5.753   5.021   4.623   0.732   1.130   0.398
 0.971015330   5.554   4.846   4.460   0.708   1.094   0.386
 0.990710260   5.371   4.684   4.308   0.687   1.063   0.376
 1.000000000   5.287   4.609   4.236   0.678   1.051   0.373
 1.005932210   5.235   4.561   4.191   0.674   1.044   0.370
 1.016126040   5.149   4.483   4.116   0.666   1.033   0.367
 1.032417540   5.006   4.350   3.987   0.656   1.019   0.363
 1.045295240   4.886   4.238   3.879   0.648   1.007   0.359
 1.049999950   4.842   4.196   3.838   0.646   1.004   0.358
 1.058790680   4.760   4.116   3.760   0.644   1.000   0.356
 1.069721940   4.657   4.015   3.659   0.642   0.998   0.356
 1.081245540   4.551   3.907   3.550   0.644   1.001   0.357
 1.087288020   4.497   3.849   3.491   0.648   1.006   0.358
 1.092363480   4.455   3.801   3.441   0.654   1.014   0.360
 1.100000020   4.399   3.732   3.366   0.667   1.033   0.366
 1.104519840   4.370   3.693   3.322   0.677   1.048   0.371
 1.112311960   4.366   3.650   3.263   0.716   1.103   0.387
 1.116613860   4.426   3.668   3.261   0.758   1.165   0.407
 1.119361280   4.517   3.715   3.287   0.802   1.230   0.428
 1.121751790   4.636   3.783   3.330   0.853   1.306   0.453
 1.124106650   4.739   3.833   3.353   0.906   1.386   0.480
 1.126386520   4.750   3.803   3.302   0.947   1.448   0.501
 1.127620220   4.714   3.753   3.243   0.961   1.471   0.510
 1.128357650   4.680   3.711   3.197   0.969   1.483   0.514
 1.129946350   4.584   3.604   3.083   0.980   1.501   0.521
 1.131495360   4.468   3.477   2.952   0.991   1.516   0.525
 1.132878780   4.348   3.349   2.820   0.999   1.528   0.529
 1.133895160   4.252   3.247   2.715   1.005   1.537   0.532
 1.135084870   4.129   3.116   2.581   1.013   1.548   0.535
 1.135940790   4.033   3.013   2.476   1.020   1.557   0.537
 1.136686440   3.944   2.918   2.378   1.026   1.566   0.540
 1.137385610   3.854   2.820   2.277   1.034   1.577   0.543
 1.138031720   3.765   2.724   2.178   1.041   1.587   0.546
 1.138819810   3.649   2.597   2.047   1.052   1.602   0.550
 1.139479640   3.542   2.479   1.925   1.063   1.617   0.554
 1.139968750   3.457   2.385   1.827   1.072   1.630   0.558
 1.140535000   3.352   2.269   1.706   1.083   1.646   0.563
 1.141027570   3.254   2.159   1.589   1.095   1.665   0.570
 1.141496060   3.151   2.044   1.468   1.107   1.683   0.576
 1.141906380   3.054   1.934   1.352   1.120   1.702   0.582
 1.142268540   2.961   1.829   1.240   1.132   1.721   0.589
 1.142616150   2.865   1.720   1.125   1.145   1.740   0.595
 1.142927290   2.774   1.616   1.014   1.158   1.760   0.602
 1.143228290   2.685   1.513   0.905   1.172   1.780   0.608
 1.143630150   2.600   1.415   0.801   1.185   1.799   0.614
 1.143685460   2.590   1.404   0.789   1.186   1.801   0.615
 1.143979310   2.666   1.495   0.888   1.171   1.778   0.607
 1.144109730   2.724   1.564   0.962   1.160   1.762   0.602
 1.144162650   2.703   1.540   0.936   1.163   1.767   0.604
 1.144410970   2.614   1.436   0.826   1.178   1.788   0.610
 1.144651170   2.525   1.333   0.716   1.192   1.809   0.617
 1.144873380   2.442   1.234   0.609   1.208   1.833   0.625
 1.145080920   2.361   1.138   0.505   1.223   1.856   0.633
 1.145269040   2.284   1.045   0.403   1.239   1.881   0.642
 1.145441650   2.207   0.952   0.302   1.255   1.905   0.650
 1.145600800   2.131   0.860   0.200   1.271   1.931   0.660
 1.145743250   2.058   0.771   0.103   1.287   1.955   0.668
 1.145878430   1.982   0.679   0.002   1.303   1.980   0.677
 1.145997640   1.913   0.593  -0.094   1.320   2.007   0.687
 1.146108390   1.841   0.504  -0.191   1.337   2.032   0.695
 1.146208760   1.779   0.424  -0.282   1.355   2.061   0.706
 1.146301390   1.721   0.347  -0.370   1.374   2.091   0.717
 1.146386380   1.661   0.269  -0.459   1.392   2.120   0.728
 1.146462680   1.608   0.198  -0.543   1.410   2.151   0.741
 1.146534090   1.552   0.123  -0.629   1.429   2.181   0.752
 1.146599890   1.499   0.050  -0.714   1.449   2.213   0.764
 1.146659370   1.449  -0.020  -0.796   1.469   2.245   0.776
 1.146714810   1.396  -0.092  -0.880   1.488   2.276   0.788
 1.146764760   1.356  -0.149  -0.950   1.505   2.306   0.801
 1.146811010   1.320  -0.199  -1.015   1.519   2.335   0.816
 1.146854640   1.283  -0.250  -1.080   1.533   2.363   0.830
 1.146894100   1.252  -0.297  -1.142   1.549   2.394   0.845
 1.146929860   1.221  -0.342  -1.202   1.563   2.423   0.860
 1.146963600   1.190  -0.388  -1.264   1.578   2.454   0.876
 1.146994350   1.164  -0.430  -1.321   1.594   2.485   0.891
 1.147022250   1.146  -0.461  -1.370   1.607   2.516   0.909
 1.147049070   1.173  -0.439  -1.379   1.612   2.552   0.940
 1.147073510   1.201  -0.414  -1.385   1.615   2.586   0.971
 1.147101520   1.242  -0.375  -1.386   1.617   2.628   1.011
 1.147126910   1.284  -0.332  -1.383   1.616   2.667   1.051
 1.147150870   1.326  -0.287  -1.378   1.613   2.704   1.091
 1.147172210   1.372  -0.234  -1.366   1.606   2.738   1.132
 1.147192120   1.484  -0.112  -1.301   1.596   2.785   1.189
 1.147210600   1.601   0.016  -1.231   1.585   2.832   1.247
 1.147227880   1.715   0.141  -1.163   1.574   2.878   1.304
 1.147243740   1.833   0.271  -1.090   1.562   2.923   1.361
 1.147258400   1.955   0.404  -1.015   1.551   2.970   1.419
 1.147272110   2.098   0.554  -0.926   1.544   3.024   1.480
 1.147284630   2.263   0.720  -0.823   1.543   3.086   1.543
 1.147296430   2.433   0.891  -0.716   1.542   3.149   1.607
 1.147307280   2.603   1.062  -0.609   1.541   3.212   1.671
 1.147317770   2.780   1.240  -0.495   1.540   3.275   1.735
 1.147327660   2.945   1.404  -0.397   1.541   3.342   1.801
 1.147336840   3.053   1.499  -0.372   1.554   3.425   1.871
 1.147345780   3.164   1.598  -0.343   1.566   3.507   1.941
 1.147349240   3.201   1.631  -0.334   1.570   3.535   1.965
 1.147349240   2.151   0.990   0.400   1.161   1.751   0.590
 1.147491460   2.131   0.966   0.373   1.165   1.758   0.593
 1.147623300   2.125   0.958   0.366   1.167   1.759   0.592
 1.147759320   2.124   0.960   0.368   1.164   1.756   0.592
 1.147894740   2.126   0.963   0.373   1.163   1.753   0.590
 1.148031120   2.128   0.967   0.378   1.161   1.750   0.589
 1.148166660   2.130   0.971   0.384   1.159   1.746   0.587
 1.148303030   2.132   0.975   0.389   1.157   1.743   0.586
 1.148438690   2.133   0.979   0.394   1.154   1.739   0.585
 1.148573760   2.135   0.982   0.398   1.153   1.737   0.584
 1.148712870   2.136   0.985   0.402   1.151   1.734   0.583
 1.148853660   2.136   0.987   0.405   1.149   1.731   0.582
 1.148994920   2.136   0.989   0.407   1.147   1.729   0.582
 1.149134760   2.136   0.990   0.410   1.146   1.726   0.580
 1.149181370   2.136   0.991   0.410   1.145   1.726   0.581
 1.149273400   2.136   0.991   0.411   1.145   1.725   0.580
 1.149409410   2.136   0.992   0.412   1.144   1.724   0.580
 1.149552580   2.135   0.992   0.413   1.143   1.722   0.579
 1.149699090   2.134   0.991   0.413   1.143   1.721   0.578
 1.149835110   2.132   0.990   0.412   1.142   1.720   0.578
 1.149969700   2.130   0.989   0.411   1.141   1.719   0.578
 1.150111440   2.128   0.986   0.408   1.142   1.720   0.578
 1.150163050   2.126   0.985   0.407   1.141   1.719   0.578
 1.150247690   2.125   0.983   0.405   1.142   1.720   0.578
 1.150374890   2.121   0.979   0.401   1.142   1.720   0.578
 1.150497560   2.117   0.974   0.395   1.143   1.722   0.579
 1.150620820   2.112   0.968   0.389   1.144   1.723   0.579
 1.150744440   2.107   0.961   0.381   1.146   1.726   0.580
 1.150865670   2.100   0.953   0.372   1.147   1.728   0.581
 1.150987510   2.093   0.943   0.361   1.150   1.732   0.582
 1.151111840   2.083   0.932   0.348   1.151   1.735   0.584
 1.151245710   2.073   0.918   0.333   1.155   1.740   0.585
 1.151369090   2.059   0.900   0.313   1.159   1.746   0.587
 1.151422620   2.061   0.903   0.317   1.158   1.744   0.586
 1.151545520   2.040   0.875   0.286   1.165   1.754   0.589
 1.151666160   2.011   0.837   0.243   1.174   1.768   0.594
 1.151749970   1.954   0.762   0.159   1.192   1.795   0.603
 1.151795270   1.895   0.685   0.072   1.210   1.823   0.613
 1.151819230   1.835   0.606  -0.016   1.229   1.851   0.622
 1.151833650   1.774   0.524  -0.111   1.250   1.885   0.635
 1.151841160   1.717   0.449  -0.197   1.268   1.914   0.646
 1.151845570   1.664   0.378  -0.278   1.286   1.942   0.656
 1.151848320   1.616   0.313  -0.353   1.303   1.969   0.666
 1.151849990   1.580   0.264  -0.409   1.316   1.989   0.673
 1.151849990   1.579   0.263  -0.410   1.316   1.989   0.673
 1.151850340   1.569   0.250  -0.425   1.319   1.994   0.675
 1.151852610   1.514   0.175  -0.510   1.339   2.024   0.685
 1.151854990   1.463   0.107  -0.588   1.356   2.051   0.695
 1.151861670   1.435   0.069  -0.631   1.366   2.066   0.700
 1.151870010   1.477   0.127  -0.565   1.350   2.042   0.692
 1.151963110   1.525   0.191  -0.492   1.334   2.017   0.683
 1.152042630   1.494   0.148  -0.540   1.346   2.034   0.688
 1.152097580   1.446   0.083  -0.614   1.363   2.060   0.697
 1.152146220   1.403   0.022  -0.689   1.381   2.092   0.711
 1.152187470   1.361  -0.040  -0.763   1.401   2.124   0.723
 1.152223470   1.318  -0.104  -0.840   1.422   2.158   0.736
 1.152255300   1.274  -0.168  -0.918   1.442   2.192   0.750
 1.152283310   1.231  -0.233  -0.997   1.464   2.228   0.764
 1.152307990   1.188  -0.299  -1.076   1.487   2.264   0.777
 1.152330160   1.145  -0.364  -1.155   1.509   2.300   0.791
 1.152350660   1.116  -0.410  -1.217   1.526   2.333   0.807
 1.152369860   1.088  -0.454  -1.279   1.542   2.367   0.825
 1.152388220   1.060  -0.498  -1.341   1.558   2.401   0.843
 1.152405620   1.035  -0.541  -1.403   1.576   2.438   0.862
 1.152421590   1.012  -0.582  -1.463   1.594   2.475   0.881
 1.152437210   0.989  -0.625  -1.525   1.614   2.514   0.900
 1.152451990   1.021  -0.600  -1.537   1.621   2.558   0.937
 1.152463200   1.067  -0.556  -1.531   1.623   2.598   0.975
 1.152470470   1.109  -0.514  -1.524   1.623   2.633   1.010
 1.152475950   1.156  -0.464  -1.512   1.620   2.668   1.048
 1.152480960   1.209  -0.406  -1.496   1.615   2.705   1.090
 1.152485610   1.271  -0.336  -1.471   1.607   2.742   1.135
 1.152490020   1.409  -0.186  -1.386   1.595   2.795   1.200
 1.152494310   1.559  -0.022  -1.291   1.581   2.850   1.269
 1.152498360   1.704   0.136  -1.199   1.568   2.903   1.335
 1.152503010   1.857   0.303  -1.101   1.554   2.958   1.404
 1.152508140   2.036   0.491  -0.985   1.545   3.021   1.476
 1.152513620   2.240   0.697  -0.855   1.543   3.095   1.552
 1.152517800   2.341   0.798  -0.791   1.543   3.132   1.589
 1.152518390   2.148   0.604  -0.915   1.544   3.063   1.519
 1.152518750   2.130   0.586  -0.927   1.544   3.057   1.513
 1.152519110   2.414   0.872  -0.744   1.542   3.158   1.616
 1.152519350   2.656   1.116  -0.586   1.540   3.242   1.702
 1.152519820   2.903   1.364  -0.424   1.539   3.327   1.788
 1.152520300   3.059   1.504  -0.376   1.555   3.435   1.880
 1.152521010   3.191   1.622  -0.336   1.569   3.527   1.958
 1.152521850   3.164   1.597  -0.346   1.567   3.510   1.943
 1.152521850   3.136   1.572  -0.354   1.564   3.490   1.926
