#   m*(Mo)      B       V       R      (B-V)   (B-R)   (V-R)
 0.100000000  14.373  12.815  11.868   1.558   2.505   0.947
 0.120000000  13.117  11.798  10.967   1.319   2.150   0.831
 0.140000000  12.531  11.283  10.497   1.248   2.034   0.786
 0.160000000  12.128  10.916  10.155   1.212   1.973   0.761
 0.200000000  11.536  10.370   9.644   1.166   1.892   0.726
 0.250000000  11.000   9.870   9.171   1.130   1.829   0.699
 0.300000010  10.574   9.471   8.793   1.103   1.781   0.678
 0.383123160   9.970   8.903   8.253   1.067   1.717   0.650
 0.374021260  10.034   8.965   8.312   1.069   1.722   0.653
 0.400000010   9.880   8.822   8.179   1.058   1.701   0.643
 0.449999990   9.481   8.454   7.836   1.027   1.645   0.618
 0.463222980   9.340   8.328   7.720   1.012   1.620   0.608
 0.472392200   9.244   8.242   7.642   1.002   1.602   0.600
 0.476195660   9.202   8.204   7.608   0.998   1.594   0.596
 0.478627230   9.174   8.179   7.585   0.995   1.589   0.594
 0.480065640   9.157   8.163   7.570   0.994   1.587   0.593
 0.500000000   9.015   8.036   7.456   0.979   1.559   0.580
 0.550000010   8.463   7.551   7.021   0.912   1.442   0.530
 0.600000020   7.879   7.047   6.573   0.832   1.306   0.474
 0.623468940   7.610   6.823   6.371   0.787   1.239   0.452
 0.649999980   7.317   6.580   6.154   0.737   1.163   0.426
 0.699999990   6.787   6.154   5.773   0.633   1.014   0.381
 0.750000000   6.326   5.776   5.431   0.550   0.895   0.345
 0.800000010   5.916   5.429   5.112   0.487   0.804   0.317
 0.805912550   5.870   5.389   5.076   0.481   0.794   0.313
 0.850000020   5.537   5.100   4.809   0.437   0.728   0.291
 0.863305810   5.441   5.015   4.731   0.426   0.710   0.284
 0.899999980   5.184   4.787   4.519   0.397   0.665   0.268
 0.948095140   4.861   4.501   4.256   0.360   0.605   0.245
 0.949999990   4.849   4.490   4.245   0.359   0.604   0.245
 0.968040530   4.733   4.386   4.150   0.347   0.583   0.236
 1.000000000   4.530   4.205   3.985   0.325   0.545   0.220
 1.017893670   4.418   4.106   3.896   0.312   0.522   0.210
 1.049999950   4.222   3.932   3.738   0.290   0.484   0.194
 1.063239460   4.142   3.862   3.676   0.280   0.466   0.186
 1.100000020   3.925   3.671   3.508   0.254   0.417   0.163
 1.149999980   3.638   3.425   3.297   0.213   0.341   0.128
 1.187484620   3.435   3.253   3.150   0.182   0.285   0.103
 1.200000050   3.370   3.198   3.104   0.172   0.266   0.094
 1.247394920   3.133   3.000   2.936   0.133   0.197   0.064
 1.250000000   3.122   2.990   2.927   0.132   0.195   0.063
 1.261718030   3.070   2.948   2.891   0.122   0.179   0.057
 1.299999950   2.902   2.809   2.772   0.093   0.130   0.037
 1.311083790   2.854   2.769   2.737   0.085   0.117   0.032
 1.350000020   2.704   2.642   2.622   0.062   0.082   0.020
 1.373616340   2.616   2.566   2.552   0.050   0.064   0.014
 1.399594190   2.520   2.482   2.476   0.038   0.044   0.006
 1.399999980   2.518   2.481   2.475   0.037   0.043   0.006
 1.406789420   2.495   2.461   2.456   0.034   0.039   0.005
 1.450000050   2.347   2.330   2.332   0.017   0.015  -0.002
 1.488649730   2.210   2.206   2.215   0.004  -0.005  -0.009
 1.500000000   2.169   2.170   2.180  -0.001  -0.011  -0.010
 1.530827050   2.064   2.073   2.085  -0.009  -0.021  -0.012
 1.549999950   1.997   2.010   2.024  -0.013  -0.027  -0.014
 1.575644850   1.902   1.920   1.935  -0.018  -0.033  -0.015
 1.597481250   1.817   1.839   1.854  -0.022  -0.037  -0.015
 1.600000020   1.807   1.829   1.844  -0.022  -0.037  -0.015
 1.624188180   1.710   1.734   1.750  -0.024  -0.040  -0.016
 1.647850280   1.607   1.634   1.650  -0.027  -0.043  -0.016
 1.649999980   1.597   1.624   1.640  -0.027  -0.043  -0.016
 1.658923510   1.558   1.585   1.600  -0.027  -0.042  -0.015
 1.681094410   1.450   1.477   1.492  -0.027  -0.042  -0.015
 1.700000050   1.354   1.380   1.394  -0.026  -0.040  -0.014
 1.705877540   1.324   1.349   1.363  -0.025  -0.039  -0.014
 1.726799490   1.200   1.222   1.234  -0.022  -0.034  -0.012
 1.745202900   1.088   1.105   1.114  -0.017  -0.026  -0.009
 1.750000000   1.058   1.074   1.082  -0.016  -0.024  -0.008
 1.751023050   1.052   1.068   1.075  -0.016  -0.023  -0.007
 1.766590950   0.948   0.957   0.960  -0.009  -0.012  -0.003
 1.776184080   0.883   0.891   0.893  -0.008  -0.010  -0.002
 1.782491920   0.852   0.869   0.875  -0.017  -0.023  -0.006
 1.784943820   0.847   0.874   0.884  -0.027  -0.037  -0.010
 1.785891290   0.854   0.890   0.904  -0.036  -0.050  -0.014
 1.786350970   0.857   0.902   0.920  -0.045  -0.063  -0.018
 1.786595700   0.855   0.907   0.927  -0.052  -0.072  -0.020
 1.786792040   0.848   0.907   0.930  -0.059  -0.082  -0.023
 1.786902070   0.866   0.918   0.938  -0.052  -0.072  -0.020
 1.786988970   0.831   0.875   0.892  -0.044  -0.061  -0.017
 1.787105680   0.741   0.775   0.788  -0.034  -0.047  -0.013
 1.787264820   0.644   0.670   0.679  -0.026  -0.035  -0.009
 1.787466170   0.571   0.586   0.589  -0.015  -0.018  -0.003
 1.787714600   0.509   0.512   0.509  -0.003   0.000   0.003
 1.788007020   0.464   0.453   0.441   0.011   0.023   0.012
 1.788330550   0.423   0.396   0.377   0.027   0.046   0.019
 1.788665770   0.402   0.356   0.324   0.046   0.078   0.032
 1.788993950   0.383   0.318   0.274   0.065   0.109   0.044
 1.789302590   0.389   0.296   0.235   0.093   0.154   0.061
 1.789584990   0.398   0.278   0.198   0.120   0.200   0.080
 1.789839390   0.428   0.275   0.174   0.153   0.254   0.101
 1.790066840   0.461   0.276   0.152   0.185   0.309   0.124
 1.790269970   0.502   0.286   0.139   0.216   0.363   0.147
 1.790452120   0.546   0.300   0.130   0.246   0.416   0.170
 1.790616510   0.595   0.318   0.125   0.277   0.470   0.193
 1.790766840   0.648   0.338   0.123   0.310   0.525   0.215
 1.790910480   0.706   0.363   0.124   0.343   0.582   0.239
 1.791066290   0.773   0.393   0.130   0.380   0.643   0.263
 1.791257980   0.856   0.434   0.146   0.422   0.710   0.288
 1.791496750   0.956   0.493   0.182   0.463   0.774   0.311
 1.791707400   1.058   0.560   0.232   0.498   0.826   0.328
 1.791946770   1.181   0.648   0.303   0.533   0.878   0.345
 1.792256360   1.313   0.739   0.375   0.574   0.938   0.364
 1.792333720   1.343   0.757   0.389   0.586   0.954   0.368
 1.792624830   1.335   0.719   0.338   0.616   0.997   0.381
 1.792915460   1.284   0.646   0.256   0.638   1.028   0.390
 1.793277980   1.194   0.539   0.142   0.655   1.052   0.397
 1.793639780   1.102   0.433   0.030   0.669   1.072   0.403
 1.794000740   1.008   0.328  -0.080   0.680   1.088   0.408
 1.794361000   0.916   0.224  -0.189   0.692   1.105   0.413
 1.794576760   0.860   0.162  -0.253   0.698   1.113   0.415
 1.794724580   0.824   0.121  -0.297   0.703   1.121   0.418
 1.795020100   0.751   0.038  -0.383   0.713   1.134   0.421
 1.795090320   0.733   0.018  -0.404   0.715   1.137   0.422
 1.795440320   0.647  -0.079  -0.505   0.726   1.152   0.426
 1.795789480   0.562  -0.175  -0.607   0.737   1.169   0.432
 1.796109800   0.485  -0.263  -0.698   0.748   1.183   0.435
 1.796443340   0.406  -0.353  -0.793   0.759   1.199   0.440
 1.796822790   0.317  -0.456  -0.901   0.773   1.218   0.445
 1.797189000   0.232  -0.554  -1.003   0.786   1.235   0.449
 1.797562600   0.149  -0.650  -1.104   0.799   1.253   0.454
 1.797940970   0.064  -0.749  -1.209   0.813   1.273   0.460
 1.798288460  -0.012  -0.838  -1.304   0.826   1.292   0.466
 1.798650380  -0.088  -0.928  -1.399   0.840   1.311   0.471
 1.799039960  -0.161  -1.016  -1.492   0.855   1.331   0.476
 1.799089190  -0.094  -0.934  -1.405   0.840   1.311   0.471
 1.799095030  -0.067  -0.902  -1.371   0.835   1.304   0.469
 1.799100040  -0.033  -0.862  -1.328   0.829   1.295   0.466
 1.799107310   0.019  -0.800  -1.263   0.819   1.282   0.463
 1.799117210   0.082  -0.726  -1.184   0.808   1.266   0.458
 1.799131750   0.156  -0.640  -1.093   0.796   1.249   0.453
 1.799154880   0.237  -0.546  -0.994   0.783   1.231   0.448
 1.799191830   0.320  -0.449  -0.892   0.769   1.212   0.443
 1.799251080   0.404  -0.352  -0.790   0.756   1.194   0.438
 1.799342270   0.489  -0.254  -0.687   0.743   1.176   0.433
 1.799493430   0.569  -0.162  -0.590   0.731   1.159   0.428
 1.799999950   0.603  -0.122  -0.549   0.725   1.152   0.427
 1.800619130   0.646  -0.074  -0.498   0.720   1.144   0.424
 1.801275250   0.741   0.035  -0.383   0.706   1.124   0.418
 1.802103160   0.819   0.125  -0.289   0.694   1.108   0.414
 1.803283930   0.917   0.237  -0.171   0.680   1.088   0.408
 1.804437400   0.997   0.329  -0.074   0.668   1.071   0.403
 1.805952790   1.071   0.418   0.021   0.653   1.050   0.397
 1.809259890   1.119   0.494   0.110   0.625   1.009   0.384
 1.813143610   0.992   0.405   0.036   0.587   0.956   0.369
 1.821632500   0.830   0.263  -0.097   0.567   0.927   0.360
 1.832663660   0.677   0.120  -0.237   0.557   0.914   0.357
 1.843017460   0.536  -0.014  -0.367   0.550   0.903   0.353
 1.850000020   0.442  -0.104  -0.454   0.546   0.896   0.350
 1.852713110   0.406  -0.138  -0.488   0.544   0.894   0.350
 1.863992570   0.256  -0.281  -0.627   0.537   0.883   0.346
 1.875664230   0.107  -0.424  -0.767   0.531   0.874   0.343
 1.885711550  -0.008  -0.538  -0.882   0.530   0.874   0.344
 1.887557630  -0.025  -0.557  -0.901   0.532   0.876   0.344
 1.898559930  -0.096  -0.652  -1.007   0.556   0.911   0.355
 1.899999980  -0.104  -0.663  -1.020   0.559   0.916   0.357
 1.901310210  -0.110  -0.674  -1.033   0.564   0.923   0.359
 1.906193260  -0.128  -0.707  -1.073   0.579   0.945   0.366
 1.909526820  -0.026  -0.662  -1.052   0.636   1.026   0.390
 1.910598280   0.051  -0.639  -1.051   0.690   1.102   0.412
 1.910840630   0.030  -0.693  -1.118   0.723   1.148   0.425
 1.910863040   0.017  -0.712  -1.140   0.729   1.157   0.428
 1.910893320  -0.022  -0.764  -1.197   0.742   1.175   0.433
 1.910929560  -0.098  -0.860  -1.300   0.762   1.202   0.440
 1.911011460  -0.160  -0.933  -1.378   0.773   1.218   0.445
 1.911642550  -0.097  -0.856  -1.295   0.759   1.198   0.439
 1.912177090  -0.161  -0.937  -1.383   0.776   1.222   0.446
 1.912469390  -0.228  -1.020  -1.472   0.792   1.244   0.452
 1.912781600  -0.295  -1.102  -1.560   0.807   1.265   0.458
 1.913103700  -0.365  -1.189  -1.654   0.824   1.289   0.465
 1.913396480  -0.438  -1.279  -1.751   0.841   1.313   0.472
 1.913668160  -0.514  -1.375  -1.853   0.861   1.339   0.478
 1.913905020  -0.587  -1.467  -1.954   0.880   1.367   0.487
 1.914117100  -0.661  -1.559  -2.053   0.898   1.392   0.494
 1.914308550  -0.733  -1.652  -2.153   0.919   1.420   0.501
 1.914479730  -0.814  -1.756  -2.266   0.942   1.452   0.510
 1.914634940  -0.897  -1.865  -2.384   0.968   1.487   0.519
 1.914776560  -0.971  -1.960  -2.488   0.989   1.517   0.528
 1.914907220  -1.038  -2.047  -2.584   1.009   1.546   0.537
 1.915028450  -1.100  -2.132  -2.678   1.032   1.578   0.546
 1.915141110  -1.163  -2.216  -2.772   1.053   1.609   0.556
 1.915246730  -1.223  -2.300  -2.864   1.077   1.641   0.564
 1.915346260  -1.283  -2.382  -2.956   1.099   1.673   0.574
 1.915440800  -1.342  -2.465  -3.048   1.123   1.706   0.583
 1.915531870  -1.398  -2.546  -3.139   1.148   1.741   0.593
 1.915644170  -1.464  -2.642  -3.249   1.178   1.785   0.607
